
  200
   30


    0 
    1 
    4 
    6 
    6 
    9 
    7 
    6 
    8 
    6 
    3 
    3 
    6 
    8 
    5 
    2 
    2 
    8 
    8 
    7 
    9 
    6 
    8 
    1 
    3 
    5 
    8 
    1 
    7 
   10 
    1 
    9 
    7 
    4 
    3 
    1 
    7 
    1 
    2 
    3 
    3 
    3 
    4 
   10 
    8 
    6 
    2 
    4 
    4 
    6 
    4 
    7 
    8 
    8 
    1 
    6 
    3 
    6 
    9 
    4 
    5 
    7 
    7 
    4 
    5 
    9 
    3 
    2 
    7 
    9 
    5 
    7 
   10 
    6 
    4 
    5 
    9 
    4 
    3 
    6 
    9 
    1 
    8 
   10 
    1 
    2 
    6 
    3 
    5 
    2 
    5 
   10 
    6 
    6 
    7 
    2 
    3 
    7 
    8 
    5 
    7 
    7 
   10 
   10 
    4 
    5 
    3 
    3 
    2 
    5 
    3 
    9 
    2 
    9 
    9 
    9 
    1 
    4 
    4 
    7 
    1 
    5 
    2 
    9 
    9 
    3 
    4 
    1 
   10 
    8 
    6 
    6 
    4 
    4 
    9 
    3 
    7 
    5 
    1 
    9 
    5 
    2 
    3 
    2 
    4 
    8 
   10 
    2 
   10 
    3 
    3 
    2 
    4 
   10 
    1 
    5 
    5 
    5 
    7 
    2 
    4 
   10 
    9 
    2 
    5 
    4 
    9 
    6 
    3 
    3 
    3 
    6 
    5 
    8 
    7 
    6 
    2 
   10 
    7 
    9 
    9 
    9 
    6 
    8 
    5 
   10 
   10 
    3 
    7 
    5 
    7 
    7 
    7 
    2 
    5 
    3 
    8 
    5 
    6 
    7 
    1 
   10 
   10 
   10 
   10 
   10 
   10 
   10 
   10 
   10 
   10 
   10 
   10 
   10 
   10 
   10 
   10 
   10 
   10 
   10 
   10 
   10 
   10 
   10 
   10 
   10 
   10 
   10 
   10 
   10 
   10 

    0	    0	    0	    0	    0	    0	    0	    0	    0	    0	    0	    0	    0	    0	    0	    0	    0	    0	    0	    0	    0	    0	    0	    0	    0	    0	    0	    0	    0	    0	
    0	    0	    0	    1	    1	    0	    0	    0	    0	    0	    1	    0	    0	    0	    1	    1	    1	    0	    1	    1	    0	    0	    1	    1	    1	    0	    0	    1	    1	    0	
    1	    1	    0	    0	    0	    1	    0	    0	    0	    0	    0	    0	    0	    0	    0	    0	    0	    0	    0	    0	    0	    0	    0	    0	    0	    0	    1	    0	    0	    0	
    0	    0	    0	    0	    0	    0	    0	    0	    0	    0	    0	    0	    0	    0	    0	    0	    0	    1	    0	    0	    0	    0	    0	    0	    0	    0	    0	    0	    0	    0	
    0	    0	    0	    0	    0	    0	    1	    0	    0	    0	    0	    0	    0	    0	    0	    0	    0	    0	    0	    0	    0	    0	    1	    0	    0	    1	    0	    0	    0	    0	
    1	    0	    1	    1	    0	    0	    1	    1	    1	    1	    1	    1	    1	    0	    1	    1	    1	    1	    1	    1	    1	    1	    1	    1	    1	    1	    1	    1	    1	    1	
    1	    1	    1	    1	    1	    1	    1	    1	    1	    1	    1	    1	    1	    1	    1	    1	    1	    1	    1	    1	    1	    1	    1	    1	    1	    1	    1	    1	    1	    1	
    1	    0	    0	    0	    1	    0	    0	    0	    1	    0	    0	    0	    1	    0	    1	    1	    1	    0	    1	    0	    0	    0	    0	    1	    1	    1	    0	    1	    0	    0	
    0	    0	    0	    0	    1	    0	    0	    0	    0	    0	    0	    0	    1	    0	    0	    0	    0	    1	    0	    0	    0	    0	    0	    0	    0	    0	    1	    0	    0	    0	
    0	    1	    1	    1	    1	    1	    1	    0	    0	    0	    1	    0	    1	    0	    1	    1	    0	    1	    1	    0	    1	    0	    1	    1	    0	    0	    0	    0	    1	    1	
    0	    1	    0	    0	    1	    0	    0	    1	    1	    0	    1	    0	    1	    0	    0	    0	    1	    0	    1	    0	    0	    0	    0	    1	    1	    0	    0	    1	    0	    0	
    1	    0	    1	    1	    1	    0	    1	    1	    1	    1	    1	    0	    1	    0	    0	    1	    0	    1	    0	    1	    0	    0	    1	    1	    1	    1	    1	    0	    1	    1	
    1	    0	    0	    0	    0	    0	    0	    1	    0	    1	    0	    0	    0	    0	    0	    0	    0	    0	    0	    0	    0	    1	    0	    0	    0	    0	    1	    1	    0	    0	
    0	    0	    0	    0	    0	    0	    0	    0	    0	    0	    1	    0	    0	    0	    1	    0	    0	    0	    1	    0	    0	    0	    0	    1	    0	    0	    0	    0	    1	    1	
    1	    1	    0	    0	    1	    1	    1	    0	    1	    0	    1	    1	    1	    1	    0	    1	    1	    1	    0	    0	    1	    1	    0	    1	    1	    1	    1	    1	    0	    1	
    1	    0	    1	    1	    0	    1	    0	    1	    0	    1	    1	    1	    0	    1	    1	    1	    1	    0	    0	    1	    0	    1	    1	    0	    1	    1	    0	    0	    0	    0	
    0	    1	    1	    1	    1	    1	    0	    0	    0	    0	    0	    1	    0	    1	    1	    0	    1	    1	    1	    0	    0	    1	    1	    1	    1	    0	    0	    0	    0	    0	
    0	    0	    0	    0	    1	    1	    1	    0	    0	    0	    0	    0	    1	    0	    1	    0	    0	    0	    0	    0	    0	    0	    1	    0	    0	    0	    0	    1	    0	    0	
    1	    1	    0	    0	    1	    1	    1	    0	    1	    0	    1	    1	    1	    1	    1	    1	    1	    1	    1	    0	    1	    1	    1	    1	    1	    1	    1	    1	    1	    1	
    1	    1	    1	    1	    1	    1	    1	    1	    1	    1	    1	    0	    1	    0	    1	    1	    1	    1	    1	    1	    0	    1	    1	    1	    1	    1	    1	    1	    0	    1	
    0	    0	    0	    0	    0	    0	    0	    0	    0	    0	    0	    0	    0	    1	    0	    0	    0	    0	    0	    0	    1	    0	    0	    0	    0	    0	    0	    0	    1	    1	
    0	    1	    1	    0	    1	    1	    1	    1	    1	    1	    0	    1	    1	    1	    1	    0	    1	    1	    0	    0	    1	    1	    0	    1	    0	    0	    1	    1	    1	    1	
    1	    1	    1	    1	    1	    1	    1	    1	    0	    1	    1	    1	    1	    1	    1	    1	    1	    1	    0	    1	    1	    1	    1	    1	    1	    1	    1	    1	    0	    1	
    0	    1	    1	    1	    0	    0	    1	    1	    0	    1	    1	    1	    1	    0	    0	    1	    1	    1	    0	    1	    1	    1	    1	    0	    1	    1	    1	    1	    1	    1	
    0	    1	    0	    1	    1	    0	    1	    0	    0	    0	    1	    1	    1	    0	    1	    0	    0	    1	    0	    1	    1	    1	    1	    1	    0	    0	    0	    0	    1	    1	
    0	    0	    1	    0	    1	    0	    0	    1	    1	    1	    1	    0	    1	    0	    0	    1	    0	    0	    0	    1	    0	    1	    1	    0	    1	    0	    1	    1	    0	    0	
    0	    1	    0	    0	    0	    1	    1	    0	    0	    0	    1	    1	    0	    1	    0	    1	    0	    1	    1	    1	    1	    1	    0	    1	    1	    0	    1	    0	    0	    0	
    0	    0	    0	    1	    0	    0	    1	    0	    1	    0	    0	    0	    0	    0	    0	    1	    0	    0	    0	    0	    1	    0	    0	    0	    0	    0	    0	    1	    1	    0	
    1	    0	    0	    1	    1	    0	    0	    0	    0	    0	    0	    0	    0	    0	    0	    0	    1	    1	    1	    0	    1	    0	    0	    0	    0	    0	    1	    0	    1	    1	
    0	    0	    0	    0	    0	    0	    0	    0	    0	    0	    0	    0	    1	    1	    0	    0	    0	    1	    0	    0	    0	    0	    1	    0	    0	    1	    0	    0	    0	    0	
    1	    0	    1	    1	    0	    0	    1	    1	    1	    1	    1	    1	    1	    0	    1	    0	    1	    0	    1	    0	    0	    0	    1	    1	    1	    0	    1	    1	    0	    1	
    1	    1	    1	    1	    1	    1	    1	    1	    1	    1	    1	    0	    1	    1	    1	    1	    1	    1	    0	    1	    1	    1	    1	    1	    1	    1	    1	    0	    1	    1	
    0	    0	    0	    0	    0	    0	    0	    0	    0	    0	    0	    0	    0	    0	    0	    0	    1	    0	    1	    0	    0	    0	    0	    0	    0	    1	    1	    0	    0	    0	
    0	    0	    0	    0	    1	    1	    0	    0	    0	    1	    1	    1	    1	    1	    1	    0	    1	    1	    0	    0	    0	    1	    1	    1	    0	    0	    0	    0	    0	    1	
    0	    0	    0	    0	    1	    1	    0	    1	    0	    1	    1	    0	    1	    0	    0	    1	    0	    0	    1	    0	    1	    0	    0	    1	    1	    0	    0	    0	    1	    0	
    0	    0	    0	    0	    0	    1	    0	    0	    0	    0	    0	    0	    0	    0	    0	    0	    0	    0	    0	    1	    0	    0	    0	    0	    0	    0	    0	    0	    0	    0	
    1	    1	    0	    0	    1	    0	    1	    1	    1	    0	    0	    1	    1	    1	    0	    0	    1	    0	    1	    1	    0	    1	    0	    1	    0	    1	    0	    0	    1	    1	
    0	    0	    1	    0	    0	    0	    0	    0	    0	    1	    0	    0	    0	    0	    0	    1	    0	    0	    0	    0	    0	    0	    0	    0	    0	    0	    0	    0	    0	    0	
    1	    1	    0	    1	    0	    1	    1	    0	    1	    1	    1	    1	    1	    1	    1	    1	    1	    1	    1	    1	    1	    1	    1	    1	    1	    1	    1	    1	    0	    1	
    0	    0	    0	    0	    0	    0	    0	    0	    0	    0	    0	    0	    0	    0	    0	    0	    0	    0	    0	    0	    0	    0	    0	    0	    0	    0	    1	    0	    0	    0	
    1	    1	    1	    1	    0	    0	    1	    1	    0	    0	    0	    1	    0	    0	    0	    0	    1	    1	    0	    0	    0	    1	    1	    0	    1	    1	    1	    0	    1	    0	
    1	    1	    1	    1	    1	    1	    1	    1	    1	    1	    0	    0	    1	    1	    1	    1	    1	    0	    1	    1	    1	    1	    1	    0	    1	    0	    1	    1	    1	    1	
    1	    0	    0	    1	    1	    1	    0	    1	    0	    1	    1	    0	    0	    0	    1	    0	    0	    0	    0	    0	    0	    0	    0	    0	    1	    0	    0	    1	    0	    0	
    0	    0	    1	    1	    1	    0	    1	    0	    0	    0	    0	    1	    1	    1	    1	    0	    0	    0	    0	    1	    0	    1	    1	    1	    0	    0	    0	    0	    1	    1	
    1	    1	    0	    1	    1	    0	    1	    1	    0	    1	    1	    1	    0	    0	    1	    1	    0	    1	    1	    1	    1	    1	    1	    0	    1	    1	    1	    1	    0	    0	
    1	    0	    1	    0	    0	    0	    1	    0	    1	    1	    0	    0	    0	    0	    0	    0	    1	    0	    0	    1	    0	    1	    1	    0	    0	    0	    0	    0	    0	    0	
    0	    0	    0	    0	    0	    1	    0	    0	    0	    0	    1	    0	    0	    1	    0	    0	    0	    0	    0	    0	    1	    0	    0	    0	    0	    0	    0	    0	    1	    0	
    0	    0	    0	    1	    0	    1	    0	    0	    0	    0	    0	    1	    0	    1	    1	    1	    1	    0	    1	    1	    0	    1	    0	    0	    1	    0	    0	    0	    1	    0	
    0	    0	    0	    0	    0	    1	    0	    0	    1	    1	    0	    0	    0	    0	    0	    0	    0	    0	    0	    0	    1	    0	    0	    0	    0	    1	    0	    1	    0	    0	
    0	    1	    0	    1	    0	    0	    0	    0	    0	    0	    0	    0	    0	    1	    0	    0	    0	    1	    0	    0	    1	    0	    0	    1	    0	    0	    0	    0	    1	    1	
    0	    0	    0	    0	    0	    0	    0	    0	    1	    0	    0	    0	    0	    0	    0	    0	    0	    0	    0	    0	    0	    0	    0	    0	    0	    0	    0	    0	    0	    0	
    0	    0	    0	    1	    1	    1	    1	    0	    0	    1	    1	    1	    0	    1	    0	    1	    0	    1	    0	    0	    0	    1	    0	    0	    1	    0	    0	    0	    0	    0	
    1	    1	    1	    1	    0	    1	    1	    1	    1	    1	    0	    1	    0	    1	    0	    0	    0	    0	    1	    0	    1	    1	    1	    0	    1	    0	    1	    1	    1	    1	
    1	    0	    1	    0	    1	    1	    0	    0	    1	    0	    1	    1	    1	    1	    0	    0	    0	    1	    1	    0	    0	    1	    1	    0	    1	    1	    1	    0	    1	    1	
    0	    0	    1	    0	    1	    0	    0	    0	    0	    0	    0	    0	    0	    0	    0	    1	    0	    0	    0	    0	    0	    1	    0	    1	    0	    1	    0	    0	    0	    0	
    0	    0	    0	    0	    0	    0	    0	    0	    1	    0	    0	    0	    0	    0	    0	    0	    1	    0	    0	    0	    0	    0	    0	    1	    0	    0	    0	    0	    0	    0	
    0	    1	    1	    1	    1	    1	    0	    0	    0	    0	    1	    0	    1	    0	    1	    1	    0	    0	    1	    1	    0	    0	    1	    0	    0	    0	    0	    0	    1	    1	
    0	    1	    0	    1	    0	    1	    0	    0	    0	    0	    0	    0	    0	    0	    1	    1	    0	    1	    0	    0	    0	    1	    1	    1	    0	    0	    0	    0	    0	    0	
    0	    1	    0	    0	    0	    1	    0	    0	    1	    1	    0	    1	    1	    0	    0	    0	    0	    1	    1	    1	    0	    1	    0	    0	    0	    1	    1	    1	    0	    0	
    0	    0	    0	    1	    1	    1	    1	    1	    1	    1	    1	    1	    0	    1	    1	    1	    1	    0	    0	    0	    1	    1	    1	    1	    1	    1	    1	    1	    1	    0	
    0	    0	    1	    1	    0	    1	    0	    1	    0	    0	    0	    1	    1	    1	    0	    0	    1	    0	    0	    0	    1	    1	    1	    1	    0	    1	    0	    0	    1	    0	
    1	    1	    1	    1	    1	    1	    1	    0	    1	    1	    1	    1	    1	    1	    1	    1	    1	    1	    1	    1	    1	    1	    0	    1	    1	    1	    1	    1	    1	    1	
    1	    0	    0	    0	    0	    0	    1	    0	    1	    1	    0	    0	    0	    0	    0	    0	    0	    0	    0	    1	    0	    1	    0	    0	    1	    1	    1	    0	    0	    0	
    0	    0	    1	    1	    1	    1	    0	    0	    0	    1	    0	    1	    0	    1	    1	    0	    0	    0	    0	    0	    1	    1	    0	    0	    1	    1	    0	    0	    0	    0	
    1	    1	    1	    0	    1	    1	    1	    1	    0	    1	    1	    1	    1	    1	    1	    1	    0	    0	    1	    1	    1	    0	    0	    0	    1	    0	    0	    1	    0	    1	
    0	    0	    0	    0	    0	    0	    0	    0	    0	    1	    0	    0	    0	    1	    0	    0	    0	    0	    1	    0	    0	    0	    0	    0	    0	    1	    0	    0	    0	    0	
    1	    0	    1	    1	    1	    0	    1	    1	    1	    1	    1	    1	    1	    1	    1	    1	    0	    1	    1	    0	    1	    1	    1	    1	    0	    0	    1	    0	    1	    0	
    0	    0	    0	    0	    0	    0	    0	    0	    0	    1	    0	    0	    1	    0	    0	    0	    0	    0	    0	    0	    0	    0	    0	    0	    1	    1	    0	    1	    0	    0	
    0	    0	    0	    1	    0	    0	    1	    0	    1	    1	    1	    0	    1	    1	    0	    0	    1	    1	    0	    1	    0	    0	    0	    0	    1	    1	    1	    1	    1	    0	
    0	    0	    0	    0	    0	    0	    0	    0	    0	    0	    0	    0	    0	    0	    0	    1	    0	    0	    0	    0	    1	    1	    0	    0	    0	    1	    0	    0	    0	    0	
    0	    0	    0	    1	    1	    1	    1	    0	    0	    1	    1	    1	    1	    0	    0	    1	    1	    1	    0	    1	    0	    1	    0	    1	    0	    0	    1	    1	    0	    0	
    1	    1	    1	    1	    1	    1	    1	    0	    1	    1	    1	    1	    1	    1	    1	    1	    1	    1	    1	    1	    1	    1	    1	    1	    1	    1	    1	    1	    1	    1	
    1	    0	    0	    0	    0	    1	    1	    1	    0	    0	    0	    0	    1	    0	    0	    1	    1	    0	    0	    0	    0	    1	    0	    0	    0	    0	    0	    1	    0	    1	
    0	    1	    0	    0	    0	    1	    0	    1	    0	    1	    0	    1	    0	    0	    0	    0	    0	    0	    0	    0	    0	    0	    0	    0	    0	    1	    0	    0	    0	    0	
    0	    0	    0	    0	    1	    1	    1	    1	    1	    0	    1	    0	    0	    0	    1	    1	    1	    0	    1	    1	    0	    1	    1	    1	    0	    0	    0	    1	    1	    0	
    0	    1	    0	    0	    0	    0	    0	    0	    0	    0	    0	    0	    0	    0	    0	    0	    0	    0	    0	    1	    0	    0	    0	    1	    0	    0	    1	    0	    0	    0	
    0	    0	    1	    0	    0	    0	    0	    0	    0	    0	    0	    0	    1	    0	    0	    0	    1	    0	    0	    0	    0	    0	    0	    0	    0	    1	    0	    0	    0	    0	
    1	    1	    1	    0	    1	    1	    1	    0	    0	    0	    1	    1	    1	    0	    1	    1	    0	    0	    1	    0	    0	    0	    1	    1	    1	    0	    0	    0	    0	    0	
    0	    1	    0	    0	    0	    0	    0	    1	    0	    0	    0	    0	    0	    0	    0	    0	    0	    0	    0	    1	    1	    0	    0	    0	    0	    1	    0	    1	    0	    0	
    0	    1	    0	    1	    0	    1	    0	    0	    0	    1	    1	    1	    1	    1	    0	    0	    1	    0	    1	    0	    1	    1	    0	    0	    0	    1	    0	    1	    1	    0	
    0	    0	    1	    1	    0	    0	    0	    0	    1	    0	    1	    1	    1	    1	    1	    1	    1	    0	    1	    1	    1	    1	    0	    0	    0	    0	    0	    1	    0	    1	
    0	    0	    1	    0	    0	    0	    0	    0	    1	    1	    1	    0	    1	    0	    1	    0	    0	    0	    0	    0	    1	    1	    1	    0	    1	    0	    0	    0	    0	    1	
    0	    1	    0	    0	    1	    1	    0	    0	    0	    0	    1	    1	    1	    0	    1	    1	    0	    1	    1	    1	    1	    1	    1	    1	    0	    0	    0	    0	    1	    1	
    0	    0	    0	    0	    1	    0	    0	    0	    0	    0	    1	    1	    0	    0	    0	    0	    0	    0	    0	    0	    0	    0	    0	    0	    0	    0	    1	    0	    0	    0	
    0	    0	    1	    1	    0	    1	    0	    0	    1	    0	    0	    1	    1	    0	    0	    0	    0	    0	    1	    0	    0	    1	    0	    0	    0	    0	    0	    0	    0	    0	
    0	    0	    0	    0	    0	    0	    0	    1	    0	    0	    1	    0	    0	    0	    0	    0	    0	    0	    0	    0	    0	    0	    1	    1	    0	    0	    1	    0	    0	    0	
    0	    0	    0	    0	    0	    0	    0	    0	    0	    0	    0	    0	    0	    0	    0	    0	    0	    0	    0	    1	    0	    0	    0	    0	    0	    0	    0	    0	    0	    0	
    0	    0	    0	    1	    1	    0	    0	    1	    0	    0	    1	    0	    1	    0	    0	    0	    1	    0	    0	    0	    0	    0	    1	    0	    1	    1	    0	    0	    1	    1	
    0	    0	    0	    0	    0	    0	    0	    1	    0	    0	    0	    0	    1	    1	    0	    0	    0	    0	    0	    0	    0	    0	    1	    0	    0	    0	    0	    0	    1	    1	
    0	    0	    1	    0	    1	    0	    1	    0	    1	    0	    1	    0	    1	    0	    0	    1	    1	    1	    0	    1	    1	    0	    0	    0	    1	    0	    0	    1	    0	    0	
    0	    0	    0	    1	    0	    0	    0	    0	    0	    0	    0	    0	    0	    0	    0	    0	    1	    0	    0	    0	    0	    0	    0	    0	    0	    0	    0	    0	    0	    0	
    0	    1	    1	    1	    0	    0	    0	    1	    1	    1	    0	    0	    0	    0	    1	    0	    0	    0	    0	    0	    0	    0	    1	    0	    0	    1	    0	    1	    0	    1	
    0	    1	    0	    1	    1	    1	    0	    0	    1	    1	    1	    1	    1	    0	    0	    1	    1	    1	    0	    0	    1	    1	    1	    0	    1	    1	    0	    1	    1	    0	
    1	    1	    1	    1	    1	    1	    1	    1	    1	    1	    1	    1	    1	    1	    1	    0	    1	    0	    1	    1	    0	    0	    1	    1	    1	    1	    0	    1	    1	    1	
    1	    1	    1	    1	    1	    1	    1	    1	    0	    1	    1	    1	    1	    1	    0	    1	    1	    0	    1	    1	    1	    1	    1	    1	    1	    1	    1	    1	    1	    1	
    0	    1	    0	    1	    1	    0	    1	    0	    0	    0	    0	    0	    0	    0	    0	    0	    0	    0	    1	    0	    0	    0	    0	    0	    0	    0	    0	    0	    1	    0	
    0	    0	    0	    1	    0	    0	    0	    0	    0	    0	    0	    0	    0	    1	    1	    1	    0	    0	    0	    0	    1	    0	    0	    1	    0	    0	    0	    0	    0	    0	
    0	    0	    1	    0	    1	    0	    0	    0	    0	    1	    1	    0	    0	    0	    0	    0	    0	    0	    0	    1	    0	    1	    0	    0	    1	    1	    0	    0	    0	    0	
    0	    0	    0	    0	    0	    0	    0	    1	    0	    0	    0	    0	    0	    0	    0	    0	    0	    0	    0	    0	    0	    0	    0	    0	    0	    0	    0	    0	    0	    0	
    0	    0	    0	    0	    0	    0	    0	    0	    0	    0	    0	    0	    0	    0	    1	    0	    0	    1	    0	    0	    0	    0	    0	    0	    0	    0	    0	    0	    0	    1	
    0	    0	    1	    0	    0	    0	    0	    1	    1	    0	    0	    1	    0	    1	    1	    0	    1	    1	    1	    0	    1	    0	    0	    1	    0	    0	    0	    1	    1	    0	
    0	    1	    0	    1	    1	    0	    0	    0	    0	    0	    0	    0	    0	    1	    1	    1	    0	    1	    1	    0	    1	    0	    0	    1	    0	    0	    0	    0	    1	    1	
    1	    1	    1	    1	    1	    1	    1	    1	    1	    0	    1	    1	    0	    1	    1	    1	    1	    1	    1	    1	    1	    1	    1	    1	    1	    1	    1	    1	    1	    0	
    1	    0	    0	    0	    0	    0	    0	    1	    1	    1	    0	    0	    0	    0	    0	    0	    1	    0	    0	    0	    0	    0	    0	    0	    1	    1	    1	    1	    0	    0	
    1	    0	    0	    0	    1	    1	    0	    1	    1	    1	    0	    0	    0	    1	    1	    0	    0	    0	    1	    1	    0	    0	    0	    1	    0	    1	    0	    1	    1	    1	
    1	    1	    1	    0	    0	    1	    1	    0	    0	    1	    0	    0	    0	    0	    0	    0	    0	    1	    0	    0	    0	    0	    1	    0	    0	    0	    0	    0	    0	    0	
    1	    1	    1	    1	    1	    1	    1	    1	    1	    1	    1	    1	    1	    1	    1	    1	    1	    1	    1	    1	    1	    1	    1	    1	    1	    1	    1	    1	    1	    1	
    1	    1	    0	    1	    0	    1	    0	    1	    1	    1	    1	    1	    0	    0	    1	    1	    1	    0	    1	    1	    0	    0	    1	    1	    1	    1	    0	    1	    1	    0	
    1	    0	    1	    1	    0	    1	    0	    1	    1	    0	    0	    0	    0	    0	    1	    0	    0	    1	    0	    1	    1	    1	    1	    1	    1	    0	    1	    1	    0	    1	
    0	    0	    0	    0	    0	    0	    0	    0	    0	    0	    1	    0	    0	    0	    0	    0	    0	    0	    0	    0	    0	    0	    0	    0	    0	    0	    0	    0	    0	    0	
    0	    0	    1	    1	    0	    1	    0	    1	    1	    1	    0	    1	    0	    1	    1	    0	    0	    1	    0	    1	    0	    1	    0	    1	    1	    1	    0	    1	    1	    0	
    0	    0	    0	    0	    0	    0	    0	    0	    0	    0	    0	    0	    0	    0	    0	    0	    0	    1	    0	    0	    0	    0	    0	    0	    0	    0	    0	    0	    0	    0	
    1	    0	    1	    1	    1	    0	    0	    1	    1	    0	    1	    1	    0	    1	    0	    1	    1	    1	    1	    1	    1	    0	    0	    1	    1	    0	    1	    1	    0	    0	
    1	    1	    1	    0	    1	    0	    1	    1	    1	    1	    0	    1	    0	    1	    1	    0	    1	    1	    1	    0	    1	    1	    1	    1	    1	    0	    1	    0	    1	    1	
    1	    1	    1	    1	    0	    0	    1	    1	    1	    1	    0	    1	    1	    1	    1	    0	    1	    1	    1	    1	    1	    1	    1	    0	    1	    1	    1	    0	    0	    1	
    0	    0	    0	    1	    0	    1	    0	    0	    0	    1	    0	    0	    1	    0	    1	    0	    1	    0	    0	    0	    1	    0	    0	    0	    1	    0	    1	    0	    0	    0	
    1	    1	    0	    0	    0	    1	    0	    0	    1	    1	    0	    1	    0	    0	    0	    0	    0	    0	    1	    0	    1	    0	    0	    1	    1	    0	    0	    1	    0	    0	
    1	    0	    1	    0	    0	    1	    0	    0	    1	    1	    0	    1	    1	    0	    1	    0	    1	    0	    1	    1	    0	    0	    1	    1	    1	    0	    0	    1	    1	    1	
    1	    0	    1	    1	    0	    0	    1	    1	    1	    0	    1	    1	    1	    1	    1	    1	    1	    1	    1	    1	    1	    1	    0	    0	    0	    1	    1	    1	    1	    1	
    0	    1	    0	    0	    1	    1	    1	    1	    1	    1	    0	    1	    0	    0	    1	    1	    1	    0	    1	    0	    0	    1	    1	    1	    0	    1	    1	    1	    0	    1	
    0	    0	    1	    1	    1	    1	    0	    1	    1	    1	    1	    1	    1	    1	    0	    1	    1	    1	    1	    1	    1	    1	    1	    1	    1	    1	    1	    1	    1	    1	
    1	    1	    0	    0	    1	    1	    1	    1	    0	    0	    1	    1	    0	    1	    1	    1	    1	    0	    0	    0	    1	    0	    0	    0	    1	    0	    1	    0	    0	    1	
    1	    1	    1	    1	    1	    1	    1	    1	    1	    1	    1	    1	    1	    1	    1	    1	    1	    1	    1	    1	    1	    0	    1	    1	    1	    1	    1	    1	    1	    1	
    0	    0	    0	    0	    0	    0	    0	    1	    0	    1	    0	    0	    0	    0	    0	    0	    1	    0	    0	    1	    0	    1	    1	    0	    1	    1	    1	    1	    0	    0	
    1	    0	    1	    1	    1	    1	    1	    1	    1	    1	    1	    1	    1	    1	    1	    1	    1	    1	    1	    0	    1	    1	    1	    1	    1	    1	    1	    1	    1	    1	
    0	    0	    0	    1	    0	    1	    1	    0	    0	    1	    0	    0	    0	    1	    1	    1	    0	    0	    0	    1	    1	    1	    0	    0	    0	    0	    0	    1	    1	    1	
    0	    0	    0	    0	    0	    0	    0	    0	    0	    0	    0	    0	    0	    0	    1	    0	    0	    0	    0	    0	    1	    0	    0	    0	    0	    0	    0	    0	    0	    0	
    1	    1	    1	    1	    1	    1	    0	    1	    1	    1	    1	    1	    0	    1	    1	    1	    0	    0	    1	    1	    1	    1	    1	    0	    1	    0	    0	    0	    1	    1	
    1	    0	    0	    0	    0	    0	    0	    0	    0	    0	    0	    0	    0	    0	    0	    0	    0	    0	    0	    0	    0	    0	    0	    0	    1	    0	    0	    0	    1	    0	
    0	    1	    1	    1	    0	    0	    1	    1	    0	    0	    1	    1	    1	    1	    1	    1	    0	    1	    1	    1	    1	    0	    1	    1	    1	    0	    0	    0	    1	    1	
    0	    0	    0	    0	    0	    0	    1	    0	    0	    0	    0	    1	    0	    0	    0	    1	    1	    0	    0	    0	    0	    0	    0	    0	    0	    0	    0	    0	    0	    0	
    1	    1	    1	    1	    1	    1	    0	    0	    1	    1	    1	    1	    1	    1	    1	    1	    0	    1	    1	    1	    1	    1	    1	    1	    1	    0	    1	    0	    1	    0	
    0	    0	    0	    0	    0	    0	    0	    0	    0	    0	    1	    0	    0	    0	    0	    0	    0	    0	    0	    0	    0	    0	    0	    0	    0	    0	    0	    0	    0	    0	
    0	    1	    0	    0	    0	    1	    0	    1	    1	    0	    0	    1	    1	    0	    0	    0	    1	    0	    0	    1	    1	    0	    0	    1	    0	    0	    1	    1	    1	    0	
    1	    0	    0	    1	    0	    1	    1	    1	    0	    1	    0	    1	    1	    1	    0	    1	    0	    0	    0	    1	    0	    1	    1	    1	    1	    1	    0	    1	    1	    0	
    1	    0	    0	    0	    0	    0	    0	    1	    1	    1	    0	    0	    0	    0	    0	    0	    1	    0	    0	    0	    0	    0	    0	    0	    0	    1	    1	    1	    0	    0	
    1	    1	    1	    1	    1	    1	    1	    1	    1	    1	    1	    1	    0	    1	    1	    1	    0	    1	    0	    0	    1	    1	    0	    1	    1	    0	    1	    1	    1	    0	
    0	    0	    1	    0	    0	    1	    1	    0	    1	    0	    1	    1	    0	    0	    0	    1	    0	    1	    0	    1	    0	    0	    1	    1	    0	    0	    1	    1	    0	    1	
    0	    0	    1	    0	    0	    1	    0	    0	    0	    0	    0	    0	    0	    0	    0	    0	    0	    0	    0	    0	    0	    1	    0	    0	    0	    0	    1	    1	    0	    0	
    0	    1	    1	    1	    1	    1	    1	    0	    1	    0	    0	    0	    0	    0	    1	    1	    1	    0	    1	    0	    1	    1	    1	    1	    1	    1	    0	    0	    1	    0	
    1	    0	    0	    1	    1	    0	    0	    1	    0	    0	    0	    0	    0	    0	    1	    0	    0	    0	    1	    0	    0	    0	    0	    0	    0	    0	    0	    0	    0	    0	
    1	    0	    1	    0	    1	    1	    0	    1	    1	    1	    1	    1	    0	    1	    1	    1	    1	    0	    0	    1	    0	    0	    1	    1	    0	    0	    0	    0	    0	    1	
    0	    1	    0	    1	    1	    1	    1	    1	    1	    1	    1	    1	    1	    0	    1	    1	    1	    1	    1	    1	    1	    0	    1	    1	    1	    1	    1	    0	    0	    1	
    0	    0	    0	    0	    0	    0	    0	    0	    0	    0	    0	    0	    0	    0	    0	    0	    0	    1	    0	    0	    0	    0	    0	    0	    1	    0	    0	    0	    0	    0	
    0	    0	    0	    0	    0	    0	    0	    0	    0	    0	    0	    0	    0	    0	    0	    1	    0	    0	    0	    0	    0	    0	    1	    0	    0	    0	    0	    1	    0	    0	
    0	    1	    0	    1	    1	    1	    0	    0	    0	    0	    0	    1	    1	    1	    0	    1	    0	    1	    1	    1	    1	    1	    0	    1	    0	    0	    0	    0	    1	    1	
    0	    0	    1	    0	    1	    0	    0	    1	    0	    0	    0	    1	    0	    0	    0	    0	    0	    0	    0	    0	    0	    0	    0	    0	    1	    1	    0	    1	    0	    0	
    0	    0	    0	    0	    0	    1	    1	    0	    0	    1	    1	    1	    0	    1	    1	    1	    0	    1	    1	    0	    1	    0	    0	    0	    1	    1	    1	    1	    1	    1	
    0	    0	    0	    0	    0	    1	    1	    0	    0	    0	    0	    1	    0	    0	    0	    0	    0	    0	    0	    0	    0	    1	    0	    0	    0	    0	    0	    0	    1	    0	
    0	    0	    0	    0	    0	    0	    0	    0	    0	    0	    0	    0	    0	    0	    0	    0	    0	    0	    0	    0	    0	    0	    0	    0	    0	    0	    0	    1	    0	    0	
    0	    0	    1	    0	    1	    0	    1	    0	    1	    1	    1	    1	    1	    0	    0	    0	    1	    0	    0	    0	    0	    1	    1	    0	    1	    1	    1	    1	    0	    0	
    0	    0	    0	    0	    0	    0	    0	    0	    0	    0	    0	    0	    0	    0	    0	    0	    0	    0	    0	    0	    0	    0	    1	    0	    0	    0	    0	    0	    0	    0	
    0	    0	    0	    0	    0	    0	    0	    0	    1	    0	    0	    1	    0	    0	    0	    0	    0	    0	    0	    1	    0	    0	    0	    1	    0	    0	    0	    0	    0	    0	
    0	    1	    0	    0	    1	    0	    0	    0	    0	    0	    0	    1	    0	    0	    0	    1	    0	    0	    0	    0	    0	    0	    0	    0	    0	    0	    0	    1	    0	    0	
    1	    0	    1	    1	    1	    1	    1	    1	    1	    1	    1	    1	    1	    0	    1	    1	    1	    1	    1	    1	    0	    1	    1	    1	    1	    1	    1	    1	    0	    0	
    1	    0	    0	    1	    1	    0	    0	    0	    0	    1	    0	    1	    1	    1	    1	    0	    1	    1	    0	    1	    0	    1	    1	    1	    0	    0	    0	    1	    1	    0	
    0	    0	    0	    0	    0	    0	    0	    1	    1	    0	    0	    0	    0	    0	    0	    0	    0	    0	    0	    0	    0	    0	    0	    0	    0	    0	    0	    0	    0	    0	
    0	    0	    0	    0	    0	    0	    0	    1	    1	    0	    0	    1	    0	    1	    0	    0	    0	    1	    0	    0	    1	    0	    1	    0	    0	    0	    1	    0	    0	    1	
    0	    0	    0	    0	    1	    0	    0	    0	    0	    0	    0	    0	    1	    0	    0	    0	    0	    0	    0	    0	    0	    0	    0	    0	    0	    1	    0	    0	    0	    1	
    1	    0	    1	    0	    0	    0	    0	    1	    0	    0	    0	    0	    0	    0	    0	    0	    0	    0	    0	    0	    0	    0	    0	    0	    0	    0	    0	    0	    0	    0	
    1	    0	    1	    0	    1	    0	    1	    0	    0	    1	    0	    1	    0	    0	    0	    0	    0	    0	    0	    0	    0	    0	    1	    0	    1	    0	    1	    1	    0	    0	
    0	    0	    0	    0	    0	    0	    0	    0	    0	    0	    0	    0	    0	    0	    0	    0	    0	    0	    0	    0	    0	    0	    0	    0	    0	    0	    0	    0	    0	    1	
    0	    1	    0	    0	    1	    1	    0	    0	    1	    1	    0	    1	    0	    1	    0	    1	    1	    1	    0	    0	    1	    1	    1	    0	    0	    0	    1	    0	    1	    1	
    1	    0	    0	    0	    1	    0	    1	    1	    0	    0	    0	    1	    1	    0	    0	    1	    1	    0	    0	    0	    0	    0	    0	    0	    1	    1	    0	    0	    0	    0	
    0	    1	    0	    0	    1	    0	    0	    0	    1	    1	    0	    0	    0	    0	    1	    0	    0	    0	    0	    0	    0	    0	    0	    0	    0	    1	    1	    1	    0	    0	
    1	    1	    0	    1	    0	    1	    1	    0	    0	    0	    1	    0	    1	    1	    0	    0	    0	    0	    1	    0	    0	    0	    1	    0	    0	    1	    0	    1	    1	    0	
    1	    1	    1	    1	    1	    1	    1	    1	    1	    1	    1	    1	    1	    1	    1	    1	    1	    0	    1	    0	    1	    1	    1	    0	    1	    0	    1	    1	    1	    1	
    0	    1	    0	    0	    0	    0	    1	    1	    0	    1	    0	    0	    0	    1	    1	    1	    0	    1	    1	    1	    0	    1	    1	    0	    0	    0	    0	    0	    1	    0	
    0	    0	    0	    0	    0	    0	    0	    0	    0	    1	    0	    0	    0	    0	    0	    0	    0	    0	    0	    0	    0	    1	    0	    0	    0	    0	    1	    0	    0	    0	
    0	    1	    0	    0	    1	    0	    1	    0	    1	    0	    0	    0	    0	    1	    0	    0	    1	    0	    0	    1	    0	    1	    0	    0	    0	    0	    0	    1	    0	    0	
    1	    0	    1	    0	    1	    1	    1	    1	    1	    1	    0	    1	    1	    1	    0	    0	    1	    1	    0	    0	    1	    1	    1	    1	    0	    1	    0	    0	    0	    1	
    0	    1	    1	    1	    1	    1	    1	    1	    1	    1	    1	    1	    1	    1	    1	    1	    1	    1	    1	    0	    1	    1	    1	    1	    1	    1	    0	    1	    0	    1	
    1	    0	    0	    0	    0	    0	    1	    0	    1	    0	    0	    1	    0	    0	    0	    0	    0	    0	    0	    0	    0	    0	    0	    1	    0	    0	    0	    0	    0	    0	
    1	    1	    1	    1	    1	    1	    1	    1	    1	    1	    1	    1	    1	    1	    1	    1	    1	    1	    1	    1	    1	    1	    1	    1	    1	    1	    1	    1	    1	    1	
    0	    0	    0	    0	    0	    0	    0	    0	    1	    1	    0	    0	    0	    0	    0	    0	    0	    0	    0	    0	    0	    0	    0	    0	    0	    0	    0	    0	    0	    0	
    1	    1	    0	    0	    1	    0	    1	    1	    1	    1	    0	    0	    1	    1	    0	    0	    1	    1	    1	    1	    1	    1	    1	    1	    1	    1	    0	    0	    0	    1	
    1	    0	    0	    1	    0	    1	    0	    0	    0	    1	    0	    0	    0	    0	    1	    0	    0	    0	    0	    1	    0	    1	    0	    0	    0	    0	    1	    1	    0	    1	
    1	    1	    0	    1	    0	    1	    1	    1	    1	    1	    1	    1	    1	    1	    1	    1	    1	    1	    0	    1	    0	    1	    1	    1	    0	    1	    1	    1	    1	    1	
    0	    0	    0	    1	    0	    0	    0	    0	    0	    0	    0	    0	    0	    1	    0	    0	    0	    0	    0	    0	    0	    0	    0	    0	    0	    0	    0	    0	    0	    1	
    0	    1	    0	    0	    0	    0	    0	    1	    0	    0	    0	    0	    0	    0	    0	    0	    0	    0	    0	    0	    0	    0	    0	    0	    0	    0	    0	    0	    0	    0	
    1	    0	    0	    0	    1	    0	    1	    0	    0	    1	    1	    1	    0	    0	    0	    0	    1	    0	    0	    0	    0	    0	    1	    0	    0	    0	    1	    0	    0	    0	
    0	    0	    0	    0	    0	    0	    0	    0	    0	    0	    0	    0	    0	    0	    0	    0	    0	    0	    0	    0	    0	    0	    0	    0	    0	    0	    0	    0	    0	    1	
    1	    1	    1	    1	    1	    0	    1	    1	    1	    1	    1	    0	    1	    1	    1	    1	    1	    0	    1	    1	    0	    1	    1	    0	    1	    1	    1	    1	    1	    1	
    1	    0	    1	    1	    1	    0	    1	    0	    0	    0	    0	    1	    0	    0	    0	    1	    0	    0	    0	    0	    0	    0	    0	    0	    0	    0	    1	    0	    1	    0	
    0	    0	    0	    0	    0	    0	    0	    0	    0	    1	    0	    0	    0	    0	    1	    0	    0	    0	    0	    0	    0	    0	    0	    0	    0	    0	    0	    0	    0	    0	
    0	    0	    0	    1	    0	    1	    0	    0	    0	    1	    1	    1	    0	    1	    1	    0	    1	    0	    1	    0	    0	    0	    1	    0	    1	    0	    0	    0	    1	    0	
    1	    1	    0	    1	    0	    1	    0	    0	    1	    1	    1	    1	    1	    0	    1	    1	    1	    1	    1	    1	    1	    1	    1	    0	    1	    1	    1	    0	    1	    0	
    0	    1	    1	    1	    0	    1	    1	    1	    0	    1	    1	    1	    1	    1	    1	    1	    1	    1	    1	    1	    0	    1	    1	    1	    1	    1	    1	    1	    1	    1	
    0	    0	    0	    0	    0	    0	    0	    0	    0	    0	    0	    0	    0	    0	    0	    0	    0	    0	    0	    0	    0	    0	    0	    0	    0	    0	    1	    1	    0	    0	
    0	    0	    0	    1	    0	    1	    0	    0	    0	    0	    0	    0	    0	    0	    0	    1	    0	    1	    1	    1	    0	    0	    1	    0	    1	    0	    1	    1	    0	    1	
    0	    0	    0	    0	    0	    0	    0	    0	    0	    0	    0	    0	    1	    0	    0	    0	    0	    0	    0	    0	    0	    0	    0	    0	    0	    0	    0	    0	    0	    0	
    1	    0	    0	    0	    1	    0	    1	    0	    1	    1	    0	    1	    1	    0	    0	    1	    1	    0	    0	    1	    0	    1	    0	    0	    1	    1	    1	    1	    0	    0	
    0	    0	    0	    0	    0	    0	    0	    1	    0	    0	    0	    0	    0	    0	    0	    0	    1	    0	    0	    0	    0	    0	    0	    0	    0	    0	    1	    1	    0	    0	
    1	    1	    1	    0	    0	    1	    0	    1	    1	    1	    1	    1	    0	    1	    1	    1	    1	    1	    0	    1	    1	    0	    1	    1	    0	    1	    1	    1	    0	    1	
    1	    1	    0	    1	    1	    0	    1	    1	    0	    1	    0	    0	    1	    0	    0	    0	    0	    1	    0	    1	    0	    0	    0	    0	    0	    1	    0	    0	    1	    0	
    0	    0	    1	    0	    1	    0	    1	    1	    1	    0	    0	    0	    1	    0	    0	    1	    1	    0	    0	    0	    0	    1	    1	    0	    1	    1	    1	    1	    0	    0	
    0	    0	    1	    0	    0	    0	    0	    0	    0	    0	    0	    1	    1	    0	    0	    0	    0	    0	    0	    0	    0	    1	    0	    0	    0	    0	    0	    0	    0	    0	
    0	    1	    1	    0	    1	    1	    1	    1	    1	    1	    1	    0	    1	    1	    0	    1	    1	    0	    0	    1	    1	    0	    0	    0	    0	    0	    0	    0	    0	    1	
    0	    0	    0	    0	    0	    0	    0	    0	    1	    0	    0	    0	    0	    1	    0	    0	    0	    0	    0	    0	    0	    0	    0	    1	    0	    0	    0	    1	    1	    0	
    0	    1	    0	    0	    0	    0	    0	    0	    0	    0	    0	    1	    1	    0	    0	    1	    0	    0	    0	    1	    0	    0	    1	    0	    1	    0	    0	    1	    0	    1	
    0	    0	    0	    1	    0	    0	    0	    0	    0	    0	    0	    0	    0	    0	    0	    0	    0	    0	    0	    0	    0	    0	    0	    0	    0	    0	    0	    0	    0	    0	
    1	    0	    0	    0	    0	    0	    0	    0	    0	    0	    0	    0	    0	    0	    0	    0	    0	    0	    0	    0	    0	    0	    0	    0	    0	    0	    0	    0	    0	    0	
    0	    1	    0	    0	    0	    0	    0	    0	    0	    0	    0	    0	    0	    0	    0	    0	    0	    0	    0	    0	    0	    0	    0	    0	    0	    0	    0	    0	    0	    0	
    0	    0	    1	    0	    0	    0	    0	    0	    0	    0	    0	    0	    0	    0	    0	    0	    0	    0	    0	    0	    0	    0	    0	    0	    0	    0	    0	    0	    0	    0	
    0	    0	    0	    1	    0	    0	    0	    0	    0	    0	    0	    0	    0	    0	    0	    0	    0	    0	    0	    0	    0	    0	    0	    0	    0	    0	    0	    0	    0	    0	
    0	    0	    0	    0	    1	    0	    0	    0	    0	    0	    0	    0	    0	    0	    0	    0	    0	    0	    0	    0	    0	    0	    0	    0	    0	    0	    0	    0	    0	    0	
    0	    0	    0	    0	    0	    1	    0	    0	    0	    0	    0	    0	    0	    0	    0	    0	    0	    0	    0	    0	    0	    0	    0	    0	    0	    0	    0	    0	    0	    0	
    0	    0	    0	    0	    0	    0	    1	    0	    0	    0	    0	    0	    0	    0	    0	    0	    0	    0	    0	    0	    0	    0	    0	    0	    0	    0	    0	    0	    0	    0	
    0	    0	    0	    0	    0	    0	    0	    1	    0	    0	    0	    0	    0	    0	    0	    0	    0	    0	    0	    0	    0	    0	    0	    0	    0	    0	    0	    0	    0	    0	
    0	    0	    0	    0	    0	    0	    0	    0	    1	    0	    0	    0	    0	    0	    0	    0	    0	    0	    0	    0	    0	    0	    0	    0	    0	    0	    0	    0	    0	    0	
    0	    0	    0	    0	    0	    0	    0	    0	    0	    1	    0	    0	    0	    0	    0	    0	    0	    0	    0	    0	    0	    0	    0	    0	    0	    0	    0	    0	    0	    0	
    0	    0	    0	    0	    0	    0	    0	    0	    0	    0	    1	    0	    0	    0	    0	    0	    0	    0	    0	    0	    0	    0	    0	    0	    0	    0	    0	    0	    0	    0	
    0	    0	    0	    0	    0	    0	    0	    0	    0	    0	    0	    1	    0	    0	    0	    0	    0	    0	    0	    0	    0	    0	    0	    0	    0	    0	    0	    0	    0	    0	
    0	    0	    0	    0	    0	    0	    0	    0	    0	    0	    0	    0	    1	    0	    0	    0	    0	    0	    0	    0	    0	    0	    0	    0	    0	    0	    0	    0	    0	    0	
    0	    0	    0	    0	    0	    0	    0	    0	    0	    0	    0	    0	    0	    1	    0	    0	    0	    0	    0	    0	    0	    0	    0	    0	    0	    0	    0	    0	    0	    0	
    0	    0	    0	    0	    0	    0	    0	    0	    0	    0	    0	    0	    0	    0	    1	    0	    0	    0	    0	    0	    0	    0	    0	    0	    0	    0	    0	    0	    0	    0	
    0	    0	    0	    0	    0	    0	    0	    0	    0	    0	    0	    0	    0	    0	    0	    1	    0	    0	    0	    0	    0	    0	    0	    0	    0	    0	    0	    0	    0	    0	
    0	    0	    0	    0	    0	    0	    0	    0	    0	    0	    0	    0	    0	    0	    0	    0	    1	    0	    0	    0	    0	    0	    0	    0	    0	    0	    0	    0	    0	    0	
    0	    0	    0	    0	    0	    0	    0	    0	    0	    0	    0	    0	    0	    0	    0	    0	    0	    1	    0	    0	    0	    0	    0	    0	    0	    0	    0	    0	    0	    0	
    0	    0	    0	    0	    0	    0	    0	    0	    0	    0	    0	    0	    0	    0	    0	    0	    0	    0	    1	    0	    0	    0	    0	    0	    0	    0	    0	    0	    0	    0	
    0	    0	    0	    0	    0	    0	    0	    0	    0	    0	    0	    0	    0	    0	    0	    0	    0	    0	    0	    1	    0	    0	    0	    0	    0	    0	    0	    0	    0	    0	
    0	    0	    0	    0	    0	    0	    0	    0	    0	    0	    0	    0	    0	    0	    0	    0	    0	    0	    0	    0	    1	    0	    0	    0	    0	    0	    0	    0	    0	    0	
    0	    0	    0	    0	    0	    0	    0	    0	    0	    0	    0	    0	    0	    0	    0	    0	    0	    0	    0	    0	    0	    1	    0	    0	    0	    0	    0	    0	    0	    0	
    0	    0	    0	    0	    0	    0	    0	    0	    0	    0	    0	    0	    0	    0	    0	    0	    0	    0	    0	    0	    0	    0	    1	    0	    0	    0	    0	    0	    0	    0	
    0	    0	    0	    0	    0	    0	    0	    0	    0	    0	    0	    0	    0	    0	    0	    0	    0	    0	    0	    0	    0	    0	    0	    1	    0	    0	    0	    0	    0	    0	
    0	    0	    0	    0	    0	    0	    0	    0	    0	    0	    0	    0	    0	    0	    0	    0	    0	    0	    0	    0	    0	    0	    0	    0	    1	    0	    0	    0	    0	    0	
    0	    0	    0	    0	    0	    0	    0	    0	    0	    0	    0	    0	    0	    0	    0	    0	    0	    0	    0	    0	    0	    0	    0	    0	    0	    1	    0	    0	    0	    0	
    0	    0	    0	    0	    0	    0	    0	    0	    0	    0	    0	    0	    0	    0	    0	    0	    0	    0	    0	    0	    0	    0	    0	    0	    0	    0	    1	    0	    0	    0	
    0	    0	    0	    0	    0	    0	    0	    0	    0	    0	    0	    0	    0	    0	    0	    0	    0	    0	    0	    0	    0	    0	    0	    0	    0	    0	    0	    1	    0	    0	
    0	    0	    0	    0	    0	    0	    0	    0	    0	    0	    0	    0	    0	    0	    0	    0	    0	    0	    0	    0	    0	    0	    0	    0	    0	    0	    0	    0	    1	    0	
    0	    0	    0	    0	    0	    0	    0	    0	    0	    0	    0	    0	    0	    0	    0	    0	    0	    0	    0	    0	    0	    0	    0	    0	    0	    0	    0	    0	    0	    1	


0	115	30	65	100	55	110	100	40	85	95	95	115	45	95	40	100	40	70	85	100	75	70	30	80	85	80	105	120	50	100	50	70	40	110	40	75	115	70	90	120	65	115	75	80	75	90	35	115	70	115	105	110	120	75	70	105	110	110	60	90	35	110	105	55	70	30	65	45	55	120	75	65	110	55	120	95	50	45	105	100	35	60	35	30	70	60	95	120	45	80	30	65	80	30	40	60	80	90	75	50	85	120	95	35	100	35	110	70	120	40	95	30	100	100	50	115	95	110	90	50	65	50	120	110	120	120	40	70	35	110	115	120	115	70	80	40	40	30	80	120	35	70	65	120	95	35	95	95	80	95	115	115	50	85	95	90	90	100	105	115	75	85	105	100	85	60	95	45	50	45	120	75	70	120	110	70	70	65	80	45	110	50	80	115	110	80	75	95	100	40	100	95	55	75	115	95	85	65	85	40	60	60	60	60	60	60	60	60	60	60	60	60	60	60	60	60	60	60	60	60	60	60	60	60	60	60	60	60	60	60	
0	780	495	585	755	740	475	615	755	965	850	770	460	1060	685	700	510	615	610	690	1075	650	685	590	935	615	620	480	750	700	595	580	495	815	875	890	775	630	485	550	445	535	610	950	730	510	1005	630	745	1055	755	865	615	720	545	665	905	880	740	500	720	780	525	720	835	710	560	810	730	645	550	525	665	605	745	755	680	530	500	705	620	715	925	855	745	705	545	770	625	840	760	715	590	740	755	745	760	535	895	1015	730	995	795	505	485	765	630	700	570	705	925	990	625	645	560	540	750	705	635	765	750	600	530	600	520	835	1035	705	735	925	550	645	500	775	700	465	680	565	770	725	670	640	800	610	640	915	565	545	935	595	565	885	520	585	505	710	575	670	575	510	650	1025	565	480	500	490	695	845	515	640	660	565	570	755	475	450	715	460	1105	730	560	1115	490	770	480	780	720	690	455	815	860	555	630	710	585	550	725	585	485	665	440	600	870	720	840	750	810	720	660	630	660	780	690	750	870	840	750	630	810	810	720	870	690	720	810	660	630	600	630	870	900	
1440	960	890	750	1190	950	855	780	1090	1200	1035	1130	690	1195	1035	1125	970	895	1065	1120	1210	1190	1125	765	1035	705	1050	970	1215	1085	975	855	970	1225	1080	1035	1110	760	925	680	875	860	945	1200	1005	650	1165	1110	1050	1195	1025	1075	905	1070	845	1085	1020	990	1175	890	1170	990	700	1220	1055	975	830	1030	1000	950	865	895	890	1105	1230	920	1105	1010	960	870	915	1160	1130	1200	1150	890	745	1120	1080	980	855	1115	1025	895	1150	1105	1045	770	1145	1160	1190	1140	930	620	775	1045	905	900	1060	1195	1110	1155	995	1120	1090	865	1180	1100	1085	1000	1205	895	840	720	950	1075	1230	1035	1195	1200	1000	1000	1040	1035	1175	600	800	935	1130	960	1040	1005	1145	1125	810	1030	765	1020	1070	1085	735	1010	1050	925	765	1125	680	855	1050	725	765	1240	975	715	930	1005	1195	1125	935	1030	980	1090	1110	1115	770	940	1105	830	1225	1120	730	1225	815	1170	945	930	1220	995	625	1095	1030	700	1170	1100	830	715	885	1060	945	1185	730	780	1050	900	1020	930	990	900	840	810	840	960	870	930	1050	1020	930	810	990	990	900	1050	870	900	990	840	810	780	810	1050	1080	


420	690	540	660	570	630	540	480	450	480	600	510	570	690	660	570	450	630	630	540	690	510	540	630	480	450	420	450	690	720	
960	1230	1080	1200	1110	1170	1080	1020	990	1020	1140	1050	1110	1230	1200	1110	990	1170	1170	1080	1230	1050	1080	1170	1020	990	960	990	1230	1260	


1337
16200


 40.000000	 50.000000 
 45.000000	 68.000000 
 45.000000	 70.000000 
 42.000000	 66.000000 
 42.000000	 68.000000 
 42.000000	 65.000000 
 40.000000	 69.000000 
 40.000000	 66.000000 
 38.000000	 68.000000 
 38.000000	 70.000000 
 35.000000	 66.000000 
 35.000000	 69.000000 
 25.000000	 85.000000 
 22.000000	 75.000000 
 22.000000	 85.000000 
 20.000000	 80.000000 
 20.000000	 85.000000 
 18.000000	 75.000000 
 15.000000	 75.000000 
 15.000000	 80.000000 
 30.000000	 50.000000 
 30.000000	 52.000000 
 28.000000	 52.000000 
 28.000000	 55.000000 
 25.000000	 50.000000 
 25.000000	 52.000000 
 25.000000	 55.000000 
 23.000000	 52.000000 
 23.000000	 55.000000 
 20.000000	 50.000000 
 20.000000	 55.000000 
 10.000000	 35.000000 
 10.000000	 40.000000 
  8.000000	 40.000000 
  8.000000	 45.000000 
  5.000000	 35.000000 
  5.000000	 45.000000 
  2.000000	 40.000000 
  0.000000	 40.000000 
  0.000000	 45.000000 
 35.000000	 30.000000 
 35.000000	 32.000000 
 33.000000	 32.000000 
 33.000000	 35.000000 
 32.000000	 30.000000 
 30.000000	 30.000000 
 30.000000	 32.000000 
 30.000000	 35.000000 
 28.000000	 30.000000 
 28.000000	 35.000000 
 26.000000	 32.000000 
 25.000000	 30.000000 
 25.000000	 35.000000 
 44.000000	  5.000000 
 42.000000	 10.000000 
 42.000000	 15.000000 
 40.000000	  5.000000 
 40.000000	 15.000000 
 38.000000	  5.000000 
 38.000000	 15.000000 
 35.000000	  5.000000 
 50.000000	 30.000000 
 50.000000	 35.000000 
 50.000000	 40.000000 
 48.000000	 30.000000 
 48.000000	 40.000000 
 47.000000	 35.000000 
 47.000000	 40.000000 
 45.000000	 30.000000 
 45.000000	 35.000000 
 95.000000	 30.000000 
 95.000000	 35.000000 
 53.000000	 30.000000 
 92.000000	 30.000000 
 53.000000	 35.000000 
 45.000000	 65.000000 
 90.000000	 35.000000 
 88.000000	 30.000000 
 88.000000	 35.000000 
 87.000000	 30.000000 
 85.000000	 25.000000 
 85.000000	 35.000000 
 75.000000	 55.000000 
 72.000000	 55.000000 
 70.000000	 58.000000 
 68.000000	 60.000000 
 66.000000	 55.000000 
 65.000000	 55.000000 
 65.000000	 60.000000 
 63.000000	 58.000000 
 60.000000	 55.000000 
 60.000000	 60.000000 
 67.000000	 85.000000 
 65.000000	 85.000000 
 65.000000	 82.000000 
 62.000000	 80.000000 
 60.000000	 80.000000 
 60.000000	 85.000000 
 58.000000	 75.000000 
 55.000000	 80.000000 
 55.000000	 85.000000 
 45.000000	 68.000000 
 45.000000	 65.000000 
  5.000000	 45.000000 
 23.000000	 52.000000 
 30.000000	 50.000000 
 50.000000	 40.000000 
 88.000000	 30.000000 
 88.000000	 35.000000 
 95.000000	 35.000000 
 25.000000	 52.000000 
 25.000000	 85.000000 
 25.000000	 50.000000 
 32.000000	 30.000000 
 68.000000	 60.000000 
 26.000000	 32.000000 
 60.000000	 85.000000 
 20.000000	 85.000000 
 35.000000	  5.000000 
 35.000000	 32.000000 
 48.000000	 40.000000 
 42.000000	 10.000000 
 23.000000	 55.000000 
 62.000000	 80.000000 
 53.000000	 35.000000 
 48.000000	 40.000000 
 48.000000	 30.000000 
 50.000000	 40.000000 
 45.000000	 30.000000 
 25.000000	 85.000000 
 25.000000	 35.000000 
 40.000000	  5.000000 
 87.000000	 30.000000 
  8.000000	 45.000000 
 33.000000	 35.000000 
 53.000000	 30.000000 
 50.000000	 35.000000 
 42.000000	 68.000000 
 18.000000	 75.000000 
  5.000000	 45.000000 
  0.000000	 45.000000 
 50.000000	 30.000000 
 85.000000	 25.000000 
 47.000000	 40.000000 
 23.000000	 55.000000 
 68.000000	 60.000000 
 60.000000	 80.000000 
 32.000000	 30.000000 
 28.000000	 55.000000 
 25.000000	 30.000000 
 20.000000	 55.000000 
 50.000000	 30.000000 
 10.000000	 35.000000 
  8.000000	 45.000000 
 45.000000	 68.000000 
 30.000000	 32.000000 
 68.000000	 60.000000 
 28.000000	 55.000000 
 38.000000	  5.000000 
 20.000000	 85.000000 
 35.000000	 30.000000 
 28.000000	 35.000000 
 53.000000	 30.000000 
 33.000000	 32.000000 
 42.000000	 66.000000 
 92.000000	 30.000000 
 25.000000	 50.000000 
 25.000000	 55.000000 
 85.000000	 35.000000 
 92.000000	 30.000000 
 50.000000	 35.000000 
 47.000000	 35.000000 
 92.000000	 30.000000 
 47.000000	 35.000000 
 65.000000	 85.000000 
 45.000000	 65.000000 
 28.000000	 52.000000 
 72.000000	 55.000000 
 65.000000	 55.000000 
 88.000000	 30.000000 
 85.000000	 35.000000 
 10.000000	 35.000000 
 30.000000	 50.000000 
 60.000000	 60.000000 
 45.000000	 35.000000 
 10.000000	 35.000000 
 10.000000	 35.000000 
 35.000000	 69.000000 
 28.000000	 52.000000 
 47.000000	 40.000000 
 95.000000	 30.000000 
 50.000000	 30.000000 
 62.000000	 80.000000 
 45.000000	 68.000000 
 28.000000	 55.000000 
 28.000000	 35.000000 
 30.000000	 30.000000 
 65.000000	 85.000000 
 35.000000	 30.000000 
 95.000000	 30.000000 
 35.000000	 69.000000 
