
  100
   15


    0 
    7 
   10 
   10 
    3 
    5 
    3 
    4 
    7 
    1 
    9 
    3 
    7 
    7 
    4 
    6 
    4 
    8 
   10 
    8 
    5 
   10 
    1 
    2 
    2 
    6 
    9 
   10 
    5 
    8 
    8 
    7 
    4 
    4 
    8 
    7 
    9 
    5 
    3 
    9 
    8 
    1 
    6 
    8 
    9 
    9 
    4 
   10 
   10 
    5 
    2 
    5 
    7 
    9 
    8 
    5 
    7 
    3 
    6 
    3 
    8 
    5 
    4 
    9 
    1 
    3 
    8 
    8 
    9 
    1 
    1 
    4 
    8 
    1 
   10 
    7 
    3 
    8 
    5 
    2 
    1 
    5 
    4 
    7 
    1 
    3 
    9 
   10 
    6 
    9 
    3 
    4 
    8 
    1 
    1 
    1 
    1 
    1 
    4 
    5 
    5 
   10 
   10 
   10 
   10 
   10 
   10 
   10 
   10 
   10 
   10 
   10 
   10 
   10 
   10 
   10 

    0	    0	    0	    0	    0	    0	    0	    0	    0	    0	    0	    0	    0	    0	    0	
    1	    0	    0	    1	    1	    1	    0	    1	    1	    1	    1	    0	    1	    1	    1	
    0	    0	    1	    0	    0	    1	    1	    1	    0	    0	    0	    1	    0	    1	    0	
    0	    1	    0	    0	    0	    0	    0	    0	    0	    0	    0	    0	    1	    0	    0	
    1	    1	    1	    0	    0	    0	    0	    1	    0	    1	    0	    1	    0	    1	    0	
    1	    1	    1	    1	    1	    1	    1	    1	    1	    1	    1	    1	    1	    1	    0	
    0	    0	    0	    0	    0	    1	    0	    1	    1	    0	    1	    1	    1	    1	    1	
    0	    0	    0	    1	    1	    0	    0	    0	    0	    1	    1	    0	    0	    0	    0	
    0	    0	    0	    1	    1	    0	    1	    1	    0	    1	    1	    1	    1	    0	    1	
    0	    1	    1	    1	    1	    1	    1	    0	    0	    0	    0	    1	    1	    0	    0	
    1	    0	    1	    0	    0	    0	    0	    0	    0	    0	    1	    0	    0	    0	    0	
    0	    1	    1	    1	    1	    0	    1	    0	    1	    0	    1	    0	    1	    1	    0	
    1	    1	    1	    0	    1	    1	    1	    1	    1	    0	    1	    1	    1	    1	    0	
    1	    0	    1	    0	    0	    0	    0	    0	    0	    0	    0	    1	    0	    0	    0	
    0	    0	    0	    1	    0	    0	    0	    0	    1	    0	    0	    0	    0	    0	    0	
    0	    1	    0	    1	    1	    0	    1	    0	    0	    1	    1	    0	    1	    0	    1	
    0	    0	    1	    0	    1	    0	    0	    0	    0	    1	    1	    1	    0	    0	    1	
    0	    0	    0	    1	    0	    0	    0	    1	    0	    1	    0	    0	    1	    0	    0	
    0	    0	    0	    1	    0	    1	    0	    0	    0	    1	    1	    1	    0	    1	    1	
    1	    0	    1	    0	    1	    0	    1	    0	    1	    1	    0	    1	    1	    0	    1	
    0	    0	    0	    0	    1	    1	    1	    1	    0	    1	    0	    0	    0	    0	    0	
    1	    1	    0	    1	    1	    0	    1	    0	    0	    1	    1	    1	    1	    1	    1	
    1	    1	    1	    0	    1	    1	    1	    1	    1	    1	    1	    1	    1	    1	    1	
    0	    0	    0	    0	    1	    0	    0	    0	    0	    0	    1	    0	    1	    1	    0	
    1	    0	    1	    0	    0	    0	    0	    1	    0	    0	    0	    0	    0	    0	    0	
    0	    0	    1	    1	    0	    1	    0	    1	    0	    0	    0	    0	    0	    1	    0	
    1	    1	    0	    1	    1	    0	    1	    0	    0	    0	    1	    1	    1	    0	    1	
    1	    1	    1	    1	    1	    1	    1	    1	    1	    0	    1	    1	    1	    1	    1	
    0	    1	    1	    1	    1	    0	    1	    0	    0	    0	    1	    1	    1	    0	    1	
    1	    1	    1	    0	    0	    1	    1	    1	    0	    0	    0	    1	    1	    1	    0	
    0	    1	    1	    0	    0	    1	    0	    0	    0	    1	    1	    1	    1	    0	    0	
    0	    1	    0	    0	    0	    0	    0	    0	    1	    1	    0	    0	    1	    1	    1	
    1	    1	    0	    0	    0	    1	    0	    0	    0	    0	    1	    0	    0	    1	    0	
    0	    0	    0	    1	    1	    0	    0	    0	    1	    0	    0	    0	    0	    1	    0	
    1	    1	    1	    0	    0	    0	    1	    1	    1	    1	    1	    0	    1	    1	    1	
    1	    1	    0	    1	    1	    1	    1	    1	    1	    0	    1	    1	    0	    1	    1	
    1	    0	    1	    0	    0	    0	    0	    0	    0	    0	    0	    0	    0	    0	    0	
    0	    0	    0	    0	    0	    0	    1	    0	    0	    0	    0	    0	    1	    0	    0	
    0	    0	    0	    0	    0	    0	    0	    0	    0	    0	    0	    1	    0	    0	    0	
    1	    0	    1	    1	    0	    0	    0	    0	    0	    0	    0	    0	    0	    0	    1	
    1	    1	    1	    1	    1	    1	    1	    1	    1	    1	    1	    1	    1	    1	    1	
    1	    1	    1	    1	    1	    1	    1	    1	    1	    1	    1	    1	    1	    1	    1	
    1	    0	    1	    1	    1	    1	    1	    1	    1	    1	    1	    1	    1	    0	    1	
    1	    1	    1	    1	    1	    1	    1	    1	    1	    1	    1	    1	    1	    1	    1	
    0	    1	    1	    1	    0	    1	    1	    0	    0	    1	    1	    0	    1	    0	    1	
    0	    1	    0	    0	    0	    0	    1	    0	    1	    0	    0	    0	    0	    0	    1	
    0	    0	    1	    1	    1	    1	    1	    1	    1	    0	    1	    1	    1	    1	    1	
    1	    1	    1	    1	    1	    1	    1	    1	    1	    1	    1	    1	    1	    1	    1	
    1	    1	    0	    1	    1	    0	    1	    1	    1	    0	    1	    0	    1	    1	    0	
    0	    0	    0	    0	    0	    0	    1	    0	    1	    0	    0	    1	    1	    0	    0	
    1	    1	    1	    1	    1	    0	    0	    1	    1	    0	    1	    1	    1	    1	    1	
    0	    0	    0	    0	    1	    0	    1	    0	    0	    1	    1	    1	    1	    0	    1	
    0	    0	    1	    0	    0	    0	    1	    0	    0	    0	    0	    1	    0	    1	    1	
    0	    0	    1	    0	    0	    0	    0	    0	    0	    0	    1	    0	    0	    0	    0	
    0	    1	    0	    1	    0	    0	    0	    0	    0	    0	    1	    1	    0	    0	    0	
    1	    1	    1	    0	    1	    1	    1	    1	    1	    1	    1	    1	    1	    1	    1	
    0	    0	    0	    1	    0	    0	    0	    0	    0	    0	    0	    0	    0	    0	    0	
    0	    0	    0	    0	    0	    1	    0	    0	    1	    1	    0	    0	    1	    0	    1	
    1	    0	    1	    1	    0	    0	    0	    1	    0	    1	    1	    0	    0	    0	    1	
    0	    1	    0	    1	    1	    1	    0	    1	    0	    1	    0	    1	    0	    1	    1	
    1	    1	    1	    0	    1	    1	    1	    1	    1	    1	    1	    1	    1	    1	    1	
    0	    1	    0	    0	    0	    0	    0	    0	    0	    0	    0	    1	    0	    0	    0	
    1	    1	    1	    0	    0	    1	    0	    1	    0	    1	    1	    1	    0	    1	    0	
    0	    0	    0	    0	    0	    0	    0	    0	    0	    0	    0	    0	    1	    1	    0	
    1	    0	    0	    0	    0	    0	    0	    0	    0	    0	    1	    0	    0	    0	    0	
    0	    0	    0	    1	    0	    1	    1	    1	    1	    1	    1	    0	    1	    0	    0	
    1	    1	    0	    1	    1	    1	    0	    1	    1	    0	    1	    0	    1	    0	    0	
    0	    0	    0	    0	    0	    0	    0	    0	    0	    1	    0	    0	    0	    0	    0	
    1	    1	    1	    1	    1	    1	    1	    1	    1	    1	    1	    1	    0	    1	    0	
    0	    0	    1	    0	    1	    1	    1	    1	    1	    1	    1	    0	    0	    0	    1	
    0	    1	    0	    0	    1	    0	    1	    0	    1	    0	    1	    1	    0	    0	    0	
    1	    0	    0	    1	    0	    0	    0	    0	    0	    0	    1	    1	    0	    1	    0	
    0	    0	    1	    0	    0	    0	    0	    1	    0	    0	    0	    0	    0	    0	    1	
    1	    0	    0	    1	    1	    1	    0	    0	    1	    1	    1	    0	    1	    0	    1	
    1	    1	    1	    1	    1	    1	    1	    1	    1	    1	    1	    1	    1	    1	    1	
    1	    1	    0	    1	    1	    1	    1	    0	    1	    1	    1	    1	    0	    1	    1	
    1	    1	    1	    1	    0	    1	    1	    1	    1	    1	    1	    1	    1	    1	    1	
    0	    0	    1	    0	    0	    0	    0	    0	    0	    0	    0	    0	    0	    0	    0	
    0	    0	    0	    1	    0	    0	    0	    0	    1	    0	    0	    0	    1	    0	    1	
    1	    1	    1	    1	    0	    0	    1	    1	    0	    1	    1	    1	    1	    1	    0	
    0	    0	    0	    0	    1	    0	    0	    0	    1	    0	    0	    0	    0	    0	    1	
    1	    1	    0	    0	    0	    1	    1	    0	    0	    0	    0	    1	    1	    1	    0	
    1	    1	    0	    0	    0	    1	    0	    1	    0	    1	    1	    0	    0	    1	    0	
    0	    0	    0	    1	    1	    0	    1	    0	    1	    0	    0	    1	    1	    0	    0	
    0	    1	    1	    0	    0	    0	    0	    0	    0	    0	    0	    1	    1	    0	    0	
    1	    0	    0	    1	    0	    1	    1	    1	    1	    1	    1	    1	    1	    0	    0	
    1	    1	    0	    1	    1	    1	    1	    0	    0	    1	    0	    1	    1	    0	    1	
    0	    0	    1	    0	    1	    0	    1	    0	    1	    0	    0	    0	    1	    0	    0	
    0	    0	    0	    0	    0	    1	    0	    0	    0	    0	    0	    0	    0	    0	    0	
    0	    1	    0	    0	    1	    1	    1	    0	    0	    0	    0	    1	    1	    0	    0	
    0	    1	    0	    1	    1	    1	    1	    1	    0	    1	    0	    1	    1	    1	    1	
    1	    0	    1	    1	    0	    1	    1	    1	    1	    1	    1	    1	    1	    1	    1	
    0	    0	    0	    0	    1	    0	    0	    0	    0	    0	    0	    1	    0	    0	    0	
    0	    0	    1	    0	    0	    0	    0	    0	    0	    0	    1	    0	    0	    0	    0	
    1	    1	    1	    0	    0	    1	    0	    1	    0	    1	    1	    0	    1	    1	    1	
    1	    1	    1	    1	    1	    1	    0	    1	    0	    0	    1	    1	    0	    1	    1	
    0	    0	    0	    0	    0	    0	    0	    0	    0	    0	    0	    1	    0	    0	    0	
    0	    0	    0	    0	    1	    1	    0	    0	    1	    0	    1	    0	    1	    0	    1	
    1	    0	    0	    0	    0	    0	    0	    1	    0	    0	    1	    0	    0	    0	    0	
    1	    1	    1	    1	    1	    1	    1	    1	    1	    1	    1	    1	    1	    1	    1	
    0	    0	    0	    1	    0	    0	    0	    0	    0	    1	    0	    0	    0	    0	    1	
    1	    0	    0	    0	    0	    0	    0	    0	    0	    0	    0	    0	    0	    0	    0	
    0	    1	    0	    0	    0	    0	    0	    0	    0	    0	    0	    0	    0	    0	    0	
    0	    0	    1	    0	    0	    0	    0	    0	    0	    0	    0	    0	    0	    0	    0	
    0	    0	    0	    1	    0	    0	    0	    0	    0	    0	    0	    0	    0	    0	    0	
    0	    0	    0	    0	    1	    0	    0	    0	    0	    0	    0	    0	    0	    0	    0	
    0	    0	    0	    0	    0	    1	    0	    0	    0	    0	    0	    0	    0	    0	    0	
    0	    0	    0	    0	    0	    0	    1	    0	    0	    0	    0	    0	    0	    0	    0	
    0	    0	    0	    0	    0	    0	    0	    1	    0	    0	    0	    0	    0	    0	    0	
    0	    0	    0	    0	    0	    0	    0	    0	    1	    0	    0	    0	    0	    0	    0	
    0	    0	    0	    0	    0	    0	    0	    0	    0	    1	    0	    0	    0	    0	    0	
    0	    0	    0	    0	    0	    0	    0	    0	    0	    0	    1	    0	    0	    0	    0	
    0	    0	    0	    0	    0	    0	    0	    0	    0	    0	    0	    1	    0	    0	    0	
    0	    0	    0	    0	    0	    0	    0	    0	    0	    0	    0	    0	    1	    0	    0	
    0	    0	    0	    0	    0	    0	    0	    0	    0	    0	    0	    0	    0	    1	    0	
    0	    0	    0	    0	    0	    0	    0	    0	    0	    0	    0	    0	    0	    0	    1	


0	75	40	45	90	80	30	105	35	60	100	105	105	105	115	45	110	90	70	60	30	80	85	35	90	80	50	80	50	65	115	115	75	100	80	110	50	105	45	70	85	110	40	50	35	40	80	85	105	80	115	50	80	100	40	115	30	45	120	65	40	70	70	45	70	40	115	115	95	110	40	80	50	50	80	30	90	30	30	95	100	45	85	110	55	75	95	110	75	85	100	110	75	115	40	120	65	115	40	95	55	60	60	60	60	60	60	60	60	60	60	60	60	60	60	60	
0	555	715	950	500	510	675	885	960	760	580	675	520	460	970	510	610	895	765	590	500	475	820	730	575	535	780	610	895	460	495	610	500	450	640	595	605	970	910	570	820	535	720	865	805	760	835	595	815	940	505	935	600	830	810	680	620	500	790	455	505	490	470	490	795	840	665	680	760	765	755	695	695	555	850	710	790	785	990	500	1055	510	485	970	505	760	755	735	545	620	855	785	625	655	585	660	760	770	500	800	450	600	660	600	840	900	630	810	690	900	690	690	750	810	630	900	
1440	920	1015	1180	740	910	905	990	1050	1210	755	1025	1055	715	1195	830	1000	1155	1135	1005	905	915	1095	860	875	1055	985	995	1060	740	850	1060	620	880	1015	1120	725	1100	1215	830	1000	980	980	1070	1185	1130	970	855	1210	1195	930	1060	985	990	1070	1155	935	870	1055	990	995	715	710	725	975	960	1185	810	1180	1240	1215	1065	1235	950	1215	845	895	1190	1215	810	1180	785	670	1210	975	1100	855	855	975	840	1200	1170	1120	1015	1085	1130	1185	935	595	975	860	780	840	780	1020	1080	810	990	870	1080	870	870	930	990	810	1080	


420	480	420	660	720	450	630	510	720	510	510	570	630	450	720	
960	1020	960	1200	1260	990	1170	1050	1260	1050	1050	1110	1170	990	1260	


1332
8100


 35.000000	 35.000000 
 41.000000	 49.000000 
 35.000000	 17.000000 
 55.000000	 45.000000 
 55.000000	 20.000000 
 15.000000	 30.000000 
 25.000000	 30.000000 
 20.000000	 50.000000 
 10.000000	 43.000000 
 55.000000	 60.000000 
 30.000000	 60.000000 
 20.000000	 65.000000 
 50.000000	 35.000000 
 30.000000	 25.000000 
 15.000000	 10.000000 
 30.000000	  5.000000 
 10.000000	 20.000000 
  5.000000	 30.000000 
 20.000000	 40.000000 
 15.000000	 60.000000 
 45.000000	 65.000000 
 45.000000	 20.000000 
 45.000000	 10.000000 
 55.000000	  5.000000 
 65.000000	 35.000000 
 65.000000	 20.000000 
 45.000000	 30.000000 
 35.000000	 40.000000 
 41.000000	 37.000000 
 64.000000	 42.000000 
 40.000000	 60.000000 
 31.000000	 52.000000 
 35.000000	 69.000000 
 53.000000	 52.000000 
 65.000000	 55.000000 
 63.000000	 65.000000 
  2.000000	 60.000000 
 20.000000	 20.000000 
  5.000000	  5.000000 
 60.000000	 12.000000 
 40.000000	 25.000000 
 42.000000	  7.000000 
 24.000000	 12.000000 
 23.000000	  3.000000 
 11.000000	 14.000000 
  6.000000	 38.000000 
  2.000000	 48.000000 
  8.000000	 56.000000 
 13.000000	 52.000000 
  6.000000	 68.000000 
 47.000000	 47.000000 
 49.000000	 58.000000 
 27.000000	 43.000000 
 37.000000	 31.000000 
 57.000000	 29.000000 
 63.000000	 23.000000 
 53.000000	 12.000000 
 32.000000	 12.000000 
 36.000000	 26.000000 
 21.000000	 24.000000 
 17.000000	 34.000000 
 12.000000	 24.000000 
 24.000000	 58.000000 
 27.000000	 69.000000 
 15.000000	 77.000000 
 62.000000	 77.000000 
 49.000000	 73.000000 
 67.000000	  5.000000 
 56.000000	 39.000000 
 37.000000	 47.000000 
 37.000000	 56.000000 
 57.000000	 68.000000 
 47.000000	 16.000000 
 44.000000	 17.000000 
 46.000000	 13.000000 
 49.000000	 11.000000 
 49.000000	 42.000000 
 53.000000	 43.000000 
 61.000000	 52.000000 
 57.000000	 48.000000 
 56.000000	 37.000000 
 55.000000	 54.000000 
 15.000000	 47.000000 
 14.000000	 37.000000 
 11.000000	 31.000000 
 16.000000	 22.000000 
  4.000000	 18.000000 
 28.000000	 18.000000 
 26.000000	 52.000000 
 26.000000	 35.000000 
 31.000000	 67.000000 
 15.000000	 19.000000 
 22.000000	 22.000000 
 18.000000	 24.000000 
 26.000000	 27.000000 
 25.000000	 24.000000 
 22.000000	 27.000000 
 25.000000	 21.000000 
 19.000000	 21.000000 
 20.000000	 26.000000 
 18.000000	 18.000000 
