
  100
   15


    0 
    4 
    2 
    9 
    6 
    2 
    6 
    4 
    1 
    3 
    4 
    3 
    4 
    4 
    1 
    9 
    3 
    3 
   10 
    8 
    4 
    1 
    2 
    8 
    1 
    3 
    1 
    7 
    6 
    4 
    9 
    5 
    1 
   10 
    8 
    9 
    3 
    2 
    1 
    9 
    3 
    8 
    2 
    5 
    4 
    9 
    4 
    6 
    1 
    2 
    5 
    1 
    5 
    2 
    1 
    9 
    7 
    9 
    3 
    7 
    3 
   10 
    8 
    2 
    1 
    7 
    4 
    9 
    2 
   10 
    3 
    7 
    3 
   10 
    4 
    7 
    1 
    1 
    9 
   10 
    4 
    1 
    9 
    3 
    9 
    8 
    2 
    3 
   10 
    5 
    9 
    3 
    2 
    5 
    4 
    1 
    9 
    2 
    3 
    2 
    5 
   10 
   10 
   10 
   10 
   10 
   10 
   10 
   10 
   10 
   10 
   10 
   10 
   10 
   10 
   10 

    0	    0	    0	    0	    0	    0	    0	    0	    0	    0	    0	    0	    0	    0	    0	
    0	    0	    1	    0	    0	    0	    0	    1	    0	    0	    1	    1	    0	    1	    0	
    0	    1	    1	    1	    1	    1	    1	    0	    0	    0	    1	    0	    0	    1	    0	
    0	    0	    0	    0	    0	    0	    0	    0	    1	    0	    1	    0	    0	    0	    0	
    0	    1	    0	    0	    0	    0	    0	    0	    0	    0	    0	    0	    0	    0	    0	
    1	    1	    1	    0	    1	    1	    1	    1	    0	    1	    0	    1	    1	    0	    0	
    0	    0	    0	    1	    0	    0	    1	    0	    0	    0	    0	    1	    0	    1	    0	
    1	    1	    0	    1	    1	    1	    0	    0	    0	    1	    1	    0	    1	    1	    0	
    0	    0	    0	    1	    0	    0	    0	    0	    1	    0	    1	    0	    0	    1	    1	
    1	    0	    1	    0	    0	    1	    1	    0	    0	    1	    1	    1	    0	    0	    1	
    1	    1	    1	    1	    1	    1	    1	    1	    1	    1	    1	    1	    1	    1	    1	
    0	    1	    1	    1	    1	    0	    0	    1	    1	    1	    0	    0	    1	    1	    0	
    1	    1	    1	    0	    0	    1	    1	    0	    1	    1	    0	    1	    1	    1	    1	
    0	    0	    1	    1	    0	    1	    0	    1	    0	    0	    1	    1	    1	    1	    1	
    0	    1	    0	    0	    0	    0	    1	    1	    0	    1	    0	    1	    1	    0	    0	
    0	    0	    1	    0	    0	    0	    0	    1	    0	    0	    0	    0	    0	    0	    0	
    0	    0	    1	    0	    0	    1	    0	    0	    1	    0	    0	    1	    0	    0	    0	
    0	    0	    0	    0	    0	    0	    0	    0	    1	    0	    0	    1	    0	    0	    0	
    0	    0	    0	    1	    0	    0	    0	    0	    1	    0	    0	    0	    0	    0	    1	
    1	    1	    1	    0	    1	    1	    1	    1	    0	    1	    0	    1	    1	    0	    0	
    0	    0	    0	    0	    0	    0	    0	    1	    0	    0	    0	    0	    0	    0	    0	
    0	    0	    0	    1	    0	    0	    0	    0	    1	    0	    1	    0	    0	    1	    1	
    1	    1	    1	    0	    1	    1	    1	    1	    1	    0	    1	    1	    1	    1	    1	
    0	    0	    0	    0	    0	    0	    0	    0	    0	    0	    0	    0	    0	    0	    1	
    0	    0	    0	    1	    1	    1	    1	    1	    1	    0	    1	    1	    1	    1	    1	
    1	    1	    1	    1	    1	    1	    1	    1	    1	    1	    1	    1	    1	    1	    1	
    0	    0	    0	    1	    1	    0	    0	    0	    1	    0	    0	    0	    0	    0	    0	
    1	    1	    1	    0	    0	    0	    0	    1	    0	    1	    0	    0	    0	    0	    0	
    0	    0	    0	    0	    1	    0	    0	    0	    0	    0	    0	    0	    0	    0	    0	
    1	    1	    0	    1	    0	    1	    1	    1	    1	    1	    1	    0	    1	    1	    0	
    0	    0	    0	    1	    0	    1	    1	    0	    0	    0	    1	    0	    0	    0	    1	
    1	    0	    1	    0	    1	    0	    1	    1	    0	    1	    1	    1	    1	    0	    1	
    0	    0	    0	    0	    0	    0	    0	    0	    1	    0	    1	    1	    0	    1	    1	
    1	    0	    0	    0	    0	    0	    0	    0	    0	    0	    0	    0	    0	    0	    0	
    1	    1	    1	    1	    1	    0	    1	    1	    1	    1	    1	    1	    1	    1	    1	
    0	    1	    1	    0	    0	    0	    1	    0	    0	    1	    1	    1	    0	    1	    1	
    1	    0	    1	    1	    1	    1	    0	    1	    1	    0	    0	    1	    1	    1	    1	
    0	    0	    0	    0	    0	    0	    0	    0	    0	    0	    1	    0	    0	    1	    1	
    0	    0	    1	    1	    1	    1	    1	    1	    1	    0	    1	    1	    1	    1	    1	
    1	    1	    1	    1	    0	    1	    0	    1	    1	    1	    0	    0	    0	    0	    0	
    1	    0	    1	    0	    0	    0	    1	    0	    0	    0	    0	    1	    0	    1	    1	
    1	    1	    0	    0	    1	    0	    1	    1	    0	    1	    0	    0	    0	    0	    0	
    0	    0	    1	    1	    1	    1	    1	    1	    1	    0	    1	    1	    1	    0	    1	
    0	    0	    0	    0	    0	    0	    0	    0	    0	    0	    1	    0	    0	    0	    0	
    0	    0	    1	    1	    0	    0	    0	    0	    0	    0	    0	    0	    1	    1	    0	
    0	    0	    0	    1	    0	    0	    1	    0	    0	    0	    0	    0	    1	    1	    1	
    1	    1	    1	    0	    1	    0	    1	    1	    0	    1	    0	    0	    1	    0	    0	
    0	    0	    1	    1	    1	    1	    1	    1	    0	    0	    1	    1	    1	    1	    1	
    0	    0	    0	    0	    0	    0	    0	    0	    1	    0	    0	    0	    0	    0	    1	
    1	    1	    1	    0	    0	    0	    0	    1	    0	    1	    0	    0	    0	    0	    0	
    1	    0	    1	    0	    1	    0	    0	    1	    0	    0	    0	    0	    1	    0	    0	
    1	    1	    1	    0	    1	    1	    1	    1	    0	    1	    1	    1	    1	    0	    0	
    1	    1	    1	    1	    1	    1	    1	    1	    0	    1	    0	    0	    1	    0	    0	
    0	    0	    0	    0	    1	    0	    0	    0	    0	    0	    0	    0	    0	    1	    0	
    0	    0	    1	    1	    1	    1	    1	    1	    1	    0	    1	    1	    1	    1	    1	
    0	    1	    0	    1	    1	    1	    0	    1	    1	    1	    1	    1	    1	    1	    1	
    0	    0	    0	    1	    0	    0	    0	    0	    1	    0	    1	    1	    0	    1	    1	
    0	    0	    0	    1	    0	    0	    0	    0	    0	    0	    1	    0	    0	    1	    1	
    1	    1	    1	    1	    0	    0	    1	    0	    0	    1	    0	    1	    1	    0	    0	
    1	    1	    1	    0	    1	    1	    1	    1	    1	    1	    1	    1	    1	    1	    1	
    0	    0	    0	    1	    0	    1	    1	    0	    1	    0	    1	    0	    1	    1	    1	
    0	    0	    0	    1	    0	    1	    0	    0	    1	    0	    0	    0	    0	    1	    1	
    1	    1	    1	    1	    1	    1	    1	    1	    0	    1	    1	    1	    1	    1	    0	
    0	    0	    0	    0	    0	    0	    0	    0	    1	    0	    1	    0	    0	    1	    0	
    0	    0	    1	    0	    0	    0	    0	    0	    1	    0	    1	    0	    1	    1	    0	
    1	    0	    0	    1	    0	    1	    1	    1	    1	    1	    1	    1	    1	    0	    0	
    0	    1	    1	    0	    1	    1	    1	    0	    0	    1	    1	    1	    1	    0	    0	
    1	    0	    1	    1	    1	    1	    1	    1	    0	    1	    1	    1	    0	    0	    0	
    0	    0	    1	    0	    0	    0	    0	    0	    0	    0	    0	    1	    0	    0	    0	
    0	    0	    0	    0	    0	    1	    1	    0	    1	    0	    0	    0	    1	    1	    1	
    0	    1	    1	    1	    1	    1	    1	    0	    1	    0	    1	    1	    0	    1	    1	
    1	    1	    1	    0	    0	    0	    1	    0	    0	    0	    0	    1	    1	    0	    0	
    0	    0	    1	    1	    0	    1	    0	    0	    1	    0	    0	    1	    0	    0	    0	
    0	    0	    0	    0	    0	    1	    1	    1	    1	    0	    1	    1	    0	    0	    0	
    0	    1	    1	    1	    0	    1	    1	    0	    1	    1	    0	    1	    0	    0	    1	
    0	    1	    0	    1	    1	    0	    0	    1	    0	    0	    0	    0	    0	    0	    0	
    1	    1	    0	    1	    0	    1	    0	    0	    0	    0	    1	    0	    1	    1	    0	
    1	    1	    1	    1	    1	    1	    1	    1	    1	    1	    1	    1	    1	    1	    0	
    0	    1	    1	    0	    1	    1	    1	    1	    0	    1	    0	    0	    0	    0	    0	
    1	    1	    1	    1	    1	    0	    1	    1	    0	    1	    1	    1	    1	    0	    0	
    0	    0	    0	    0	    0	    1	    0	    0	    0	    0	    0	    0	    0	    0	    0	
    1	    0	    1	    0	    1	    0	    1	    0	    0	    0	    0	    0	    1	    0	    0	
    1	    0	    0	    0	    0	    1	    1	    0	    0	    1	    0	    0	    1	    0	    0	
    1	    0	    0	    0	    1	    0	    0	    0	    1	    1	    0	    0	    0	    0	    0	
    0	    0	    0	    0	    0	    0	    0	    0	    0	    0	    1	    0	    0	    1	    1	
    0	    0	    0	    1	    0	    0	    0	    0	    1	    0	    1	    1	    0	    1	    1	
    0	    0	    0	    0	    0	    1	    0	    0	    0	    0	    0	    0	    0	    1	    0	
    0	    0	    0	    0	    0	    0	    0	    0	    0	    0	    1	    0	    0	    0	    0	
    0	    0	    0	    0	    0	    0	    0	    0	    1	    0	    0	    0	    1	    0	    0	
    0	    0	    0	    0	    0	    1	    0	    0	    0	    0	    0	    0	    0	    0	    0	
    1	    1	    0	    0	    0	    0	    0	    0	    0	    1	    0	    0	    0	    0	    0	
    0	    1	    1	    1	    0	    0	    1	    0	    1	    1	    1	    1	    1	    1	    1	
    0	    0	    0	    0	    0	    0	    0	    0	    1	    0	    0	    0	    0	    0	    0	
    0	    0	    1	    0	    0	    0	    1	    0	    0	    0	    0	    0	    0	    0	    0	
    0	    0	    0	    1	    0	    1	    0	    0	    1	    0	    0	    1	    0	    1	    1	
    1	    0	    1	    1	    1	    1	    0	    0	    1	    0	    1	    1	    0	    1	    0	
    0	    0	    0	    1	    0	    0	    0	    0	    1	    0	    0	    0	    0	    1	    1	
    1	    1	    0	    0	    0	    0	    0	    1	    0	    1	    1	    1	    1	    0	    0	
    0	    1	    0	    0	    0	    0	    0	    0	    0	    1	    0	    1	    0	    0	    0	
    1	    0	    0	    0	    0	    0	    0	    0	    0	    0	    0	    0	    0	    0	    0	
    0	    1	    1	    1	    1	    1	    1	    1	    0	    1	    0	    1	    0	    1	    0	
    1	    0	    0	    0	    0	    0	    0	    0	    0	    0	    0	    0	    0	    0	    0	
    0	    1	    0	    0	    0	    0	    0	    0	    0	    0	    0	    0	    0	    0	    0	
    0	    0	    1	    0	    0	    0	    0	    0	    0	    0	    0	    0	    0	    0	    0	
    0	    0	    0	    1	    0	    0	    0	    0	    0	    0	    0	    0	    0	    0	    0	
    0	    0	    0	    0	    1	    0	    0	    0	    0	    0	    0	    0	    0	    0	    0	
    0	    0	    0	    0	    0	    1	    0	    0	    0	    0	    0	    0	    0	    0	    0	
    0	    0	    0	    0	    0	    0	    1	    0	    0	    0	    0	    0	    0	    0	    0	
    0	    0	    0	    0	    0	    0	    0	    1	    0	    0	    0	    0	    0	    0	    0	
    0	    0	    0	    0	    0	    0	    0	    0	    1	    0	    0	    0	    0	    0	    0	
    0	    0	    0	    0	    0	    0	    0	    0	    0	    1	    0	    0	    0	    0	    0	
    0	    0	    0	    0	    0	    0	    0	    0	    0	    0	    1	    0	    0	    0	    0	
    0	    0	    0	    0	    0	    0	    0	    0	    0	    0	    0	    1	    0	    0	    0	
    0	    0	    0	    0	    0	    0	    0	    0	    0	    0	    0	    0	    1	    0	    0	
    0	    0	    0	    0	    0	    0	    0	    0	    0	    0	    0	    0	    0	    1	    0	
    0	    0	    0	    0	    0	    0	    0	    0	    0	    0	    0	    0	    0	    0	    1	


0	100	95	40	95	110	115	75	65	90	120	70	45	70	30	100	100	100	60	90	115	40	120	110	85	35	40	105	65	50	55	55	120	60	40	60	55	95	110	75	85	120	75	70	90	85	110	65	40	70	80	95	120	35	75	120	75	115	95	120	60	90	115	40	95	120	45	115	95	85	70	70	50	120	90	75	100	100	60	95	120	45	120	85	100	35	60	80	85	30	75	55	55	45	95	110	55	100	110	120	90	60	60	60	60	60	60	60	60	60	60	60	60	60	60	60	
0	890	650	815	485	560	910	625	1050	820	795	645	850	905	725	550	730	960	1035	575	485	1085	675	750	935	875	1005	435	1000	660	995	865	960	605	770	825	720	1030	830	645	685	490	865	1040	735	860	550	915	1105	495	535	600	635	985	920	780	990	960	670	785	970	980	630	1040	865	710	615	635	620	975	745	590	695	880	845	670	620	630	555	615	945	555	540	655	1035	1035	710	870	885	1020	455	850	670	500	990	665	1075	595	700	645	610	600	600	660	840	720	750	720	690	870	600	810	780	720	840	900	
1440	1055	810	925	650	740	1100	780	1180	1000	975	800	980	1035	825	730	915	1130	1165	725	685	1205	885	945	1105	995	1115	625	1150	780	1110	985	1160	750	870	960	855	1215	1025	805	845	695	1000	1180	905	1005	720	1045	1230	625	680	780	840	1085	1055	965	1145	1145	850	965	1100	1135	805	1150	1050	890	735	840	780	1120	885	725	810	1075	1025	810	785	820	690	795	1130	675	735	820	1205	1145	860	1020	1045	1120	605	965	810	635	1175	835	1210	770	875	825	775	780	780	840	1020	900	930	900	870	1050	780	990	960	900	1020	1080	


420	420	480	660	540	570	540	510	690	420	630	600	540	660	720	
960	960	1020	1200	1080	1110	1080	1050	1230	960	1170	1140	1080	1200	1260	


1322
8100


 35.000000	 35.000000 
 41.000000	 49.000000 
 35.000000	 17.000000 
 55.000000	 45.000000 
 55.000000	 20.000000 
 15.000000	 30.000000 
 25.000000	 30.000000 
 20.000000	 50.000000 
 10.000000	 43.000000 
 55.000000	 60.000000 
 30.000000	 60.000000 
 20.000000	 65.000000 
 50.000000	 35.000000 
 30.000000	 25.000000 
 15.000000	 10.000000 
 30.000000	  5.000000 
 10.000000	 20.000000 
  5.000000	 30.000000 
 20.000000	 40.000000 
 15.000000	 60.000000 
 45.000000	 65.000000 
 45.000000	 20.000000 
 45.000000	 10.000000 
 55.000000	  5.000000 
 65.000000	 35.000000 
 65.000000	 20.000000 
 45.000000	 30.000000 
 35.000000	 40.000000 
 41.000000	 37.000000 
 64.000000	 42.000000 
 40.000000	 60.000000 
 31.000000	 52.000000 
 35.000000	 69.000000 
 53.000000	 52.000000 
 65.000000	 55.000000 
 63.000000	 65.000000 
  2.000000	 60.000000 
 20.000000	 20.000000 
  5.000000	  5.000000 
 60.000000	 12.000000 
 40.000000	 25.000000 
 42.000000	  7.000000 
 24.000000	 12.000000 
 23.000000	  3.000000 
 11.000000	 14.000000 
  6.000000	 38.000000 
  2.000000	 48.000000 
  8.000000	 56.000000 
 13.000000	 52.000000 
  6.000000	 68.000000 
 47.000000	 47.000000 
 49.000000	 58.000000 
 27.000000	 43.000000 
 37.000000	 31.000000 
 57.000000	 29.000000 
 63.000000	 23.000000 
 53.000000	 12.000000 
 32.000000	 12.000000 
 36.000000	 26.000000 
 21.000000	 24.000000 
 17.000000	 34.000000 
 12.000000	 24.000000 
 24.000000	 58.000000 
 27.000000	 69.000000 
 15.000000	 77.000000 
 62.000000	 77.000000 
 49.000000	 73.000000 
 67.000000	  5.000000 
 56.000000	 39.000000 
 37.000000	 47.000000 
 37.000000	 56.000000 
 57.000000	 68.000000 
 47.000000	 16.000000 
 44.000000	 17.000000 
 46.000000	 13.000000 
 49.000000	 11.000000 
 49.000000	 42.000000 
 53.000000	 43.000000 
 61.000000	 52.000000 
 57.000000	 48.000000 
 56.000000	 37.000000 
 55.000000	 54.000000 
 15.000000	 47.000000 
 14.000000	 37.000000 
 11.000000	 31.000000 
 16.000000	 22.000000 
  4.000000	 18.000000 
 28.000000	 18.000000 
 26.000000	 52.000000 
 26.000000	 35.000000 
 31.000000	 67.000000 
 15.000000	 19.000000 
 22.000000	 22.000000 
 18.000000	 24.000000 
 26.000000	 27.000000 
 25.000000	 24.000000 
 22.000000	 27.000000 
 25.000000	 21.000000 
 19.000000	 21.000000 
 20.000000	 26.000000 
 18.000000	 18.000000 
