
   26
    2


    0 
    7 
    9 
    2 
    5 
    2 
   10 
    7 
    8 
    5 
    5 
    8 
    1 
    8 
   10 
    6 
    6 
    4 
    7 
    5 
    7 
    3 
   10 
    1 
    7 
    4 
    1 
   10 
   10 

    0	    0	
    1	    0	
    1	    1	
    1	    1	
    1	    0	
    1	    0	
    1	    0	
    1	    1	
    1	    1	
    1	    0	
    1	    1	
    1	    1	
    1	    1	
    1	    1	
    1	    0	
    1	    1	
    1	    1	
    1	    1	
    0	    1	
    0	    1	
    1	    1	
    1	    1	
    1	    1	
    1	    1	
    0	    1	
    1	    1	
    0	    1	
    1	    0	
    0	    1	


0	65	65	30	35	110	60	40	100	85	120	75	65	85	30	65	115	60	55	40	120	80	40	120	45	100	65	60	60	
0	735	665	635	625	585	695	560	600	600	585	650	630	515	690	715	585	695	650	645	600	560	540	610	590	655	680	660	840	
1440	1160	1110	1065	1045	1115	1150	965	1090	1050	1095	1085	1100	970	1140	1165	1060	1150	1100	1085	1085	1055	985	1095	1050	1135	1125	840	1020	


480	660	
1020	1200	


1235
1080


 35.000000	 35.000000 
 41.000000	 49.000000 
 35.000000	 17.000000 
 55.000000	 45.000000 
 55.000000	 20.000000 
 15.000000	 30.000000 
 25.000000	 30.000000 
 20.000000	 50.000000 
 10.000000	 43.000000 
 55.000000	 60.000000 
 30.000000	 60.000000 
 20.000000	 65.000000 
 50.000000	 35.000000 
 30.000000	 25.000000 
 15.000000	 10.000000 
 30.000000	  5.000000 
 10.000000	 20.000000 
  5.000000	 30.000000 
 20.000000	 40.000000 
 15.000000	 60.000000 
 45.000000	 65.000000 
 45.000000	 20.000000 
 45.000000	 10.000000 
 55.000000	  5.000000 
 65.000000	 35.000000 
 65.000000	 20.000000 
 45.000000	 30.000000 
