
  150
   25


    0 
    7 
    5 
   10 
    2 
    3 
    6 
    9 
    6 
    9 
    9 
    4 
    3 
    5 
    6 
    6 
    9 
    6 
   10 
    2 
    2 
    9 
    9 
    8 
    9 
    7 
    6 
    7 
    2 
    9 
    7 
    1 
    7 
    1 
    6 
    2 
   10 
    8 
    8 
    9 
    1 
    1 
    6 
    3 
    8 
    1 
    7 
    1 
    2 
    2 
    9 
    2 
    2 
    9 
    2 
    9 
    7 
    9 
   10 
    7 
    7 
    4 
    8 
    2 
    1 
   10 
    2 
    9 
   10 
    1 
    2 
   10 
    4 
    1 
    2 
    7 
   10 
    9 
    1 
   10 
    9 
    2 
    7 
    3 
    8 
    8 
    3 
    8 
    9 
    7 
    1 
   10 
    1 
    2 
    5 
    1 
    2 
    6 
    6 
    3 
    8 
    5 
    1 
    4 
    3 
    6 
    1 
    3 
   10 
    7 
    9 
    3 
    8 
    9 
    7 
    3 
    6 
    8 
    1 
   10 
    1 
    4 
    9 
    5 
    1 
    2 
    4 
    8 
    9 
    3 
    7 
    3 
   10 
    4 
    5 
    4 
    1 
    4 
    9 
    6 
    2 
    9 
    9 
    4 
    6 
   10 
    5 
    1 
    4 
    4 
    7 
   10 
   10 
   10 
   10 
   10 
   10 
   10 
   10 
   10 
   10 
   10 
   10 
   10 
   10 
   10 
   10 
   10 
   10 
   10 
   10 
   10 
   10 
   10 
   10 
   10 

    0	    0	    0	    0	    0	    0	    0	    0	    0	    0	    0	    0	    0	    0	    0	    0	    0	    0	    0	    0	    0	    0	    0	    0	    0	
    1	    0	    0	    0	    0	    0	    0	    1	    0	    0	    0	    0	    1	    0	    0	    0	    0	    0	    0	    0	    0	    0	    0	    0	    0	
    0	    0	    0	    1	    1	    1	    0	    0	    1	    0	    1	    0	    0	    1	    0	    1	    0	    1	    0	    0	    0	    1	    1	    0	    1	
    0	    0	    0	    0	    1	    1	    0	    0	    1	    0	    1	    0	    0	    1	    0	    0	    0	    1	    0	    0	    0	    0	    1	    0	    0	
    1	    1	    1	    0	    0	    0	    1	    0	    0	    1	    0	    1	    1	    0	    0	    0	    1	    0	    0	    1	    0	    0	    0	    1	    0	
    1	    0	    0	    0	    0	    0	    1	    0	    0	    1	    0	    0	    0	    0	    0	    0	    1	    0	    1	    0	    0	    0	    0	    0	    0	
    0	    0	    0	    1	    0	    1	    0	    0	    0	    0	    1	    0	    0	    1	    0	    1	    0	    1	    0	    0	    0	    1	    0	    0	    1	
    0	    0	    0	    1	    1	    0	    0	    0	    0	    0	    0	    0	    0	    0	    0	    0	    0	    0	    0	    0	    0	    1	    0	    0	    1	
    0	    0	    0	    0	    1	    0	    0	    0	    0	    0	    0	    0	    0	    0	    0	    0	    1	    0	    0	    0	    0	    1	    0	    0	    0	
    0	    0	    0	    1	    1	    1	    0	    0	    0	    0	    0	    0	    0	    0	    0	    0	    0	    1	    0	    0	    0	    0	    1	    0	    0	
    1	    1	    1	    0	    1	    1	    1	    1	    0	    1	    1	    1	    1	    0	    1	    0	    1	    0	    1	    1	    1	    0	    0	    1	    0	
    0	    1	    0	    0	    0	    0	    0	    0	    0	    1	    0	    1	    1	    0	    1	    0	    0	    0	    0	    0	    0	    0	    0	    1	    0	
    0	    0	    0	    0	    0	    1	    0	    0	    0	    0	    0	    0	    1	    0	    0	    0	    0	    1	    0	    0	    0	    1	    0	    1	    1	
    1	    1	    1	    0	    1	    1	    1	    0	    1	    0	    1	    1	    1	    0	    1	    0	    0	    0	    1	    1	    1	    1	    1	    1	    0	
    0	    0	    0	    1	    1	    1	    0	    0	    1	    0	    0	    0	    0	    1	    0	    0	    0	    1	    0	    0	    0	    1	    1	    0	    0	
    1	    0	    0	    0	    0	    0	    0	    1	    0	    1	    1	    0	    0	    0	    0	    0	    0	    0	    0	    0	    0	    1	    0	    0	    1	
    1	    0	    1	    1	    0	    1	    1	    1	    1	    0	    0	    0	    1	    0	    1	    1	    1	    0	    1	    0	    1	    1	    1	    1	    0	
    0	    0	    1	    0	    0	    0	    1	    0	    0	    0	    1	    0	    1	    0	    1	    0	    0	    0	    0	    1	    0	    0	    0	    0	    0	
    0	    0	    0	    1	    1	    0	    0	    0	    0	    1	    1	    1	    1	    1	    0	    1	    0	    0	    1	    0	    1	    1	    1	    0	    1	
    0	    0	    0	    0	    0	    0	    0	    0	    0	    0	    1	    0	    0	    0	    1	    0	    0	    0	    0	    0	    1	    1	    1	    0	    0	
    0	    1	    0	    0	    1	    1	    0	    1	    0	    0	    0	    1	    1	    0	    0	    0	    1	    1	    0	    1	    0	    0	    1	    0	    1	
    1	    1	    1	    1	    1	    1	    0	    0	    1	    0	    0	    0	    0	    1	    0	    1	    1	    1	    0	    1	    0	    0	    1	    1	    1	
    1	    1	    1	    1	    1	    0	    1	    1	    0	    0	    1	    1	    1	    0	    1	    1	    0	    1	    1	    0	    1	    1	    1	    1	    0	
    0	    0	    1	    0	    0	    1	    1	    0	    0	    0	    0	    0	    0	    0	    1	    0	    0	    0	    0	    0	    1	    1	    0	    0	    0	
    0	    0	    0	    0	    0	    0	    0	    0	    0	    0	    0	    0	    0	    0	    0	    0	    0	    0	    0	    0	    0	    1	    0	    0	    0	
    0	    1	    0	    1	    0	    1	    1	    0	    0	    0	    0	    1	    0	    0	    1	    0	    1	    0	    1	    0	    0	    0	    1	    0	    1	
    0	    0	    0	    1	    0	    0	    0	    0	    1	    0	    0	    0	    0	    1	    0	    1	    0	    1	    0	    0	    0	    0	    1	    0	    1	
    1	    1	    0	    0	    0	    0	    0	    0	    0	    0	    0	    1	    1	    0	    0	    0	    0	    0	    0	    1	    0	    0	    0	    1	    0	
    0	    0	    0	    0	    0	    0	    0	    0	    1	    0	    0	    0	    0	    0	    0	    0	    0	    0	    0	    0	    0	    0	    0	    0	    0	
    0	    1	    1	    0	    0	    0	    0	    0	    0	    0	    0	    0	    0	    0	    1	    0	    0	    0	    1	    1	    0	    0	    0	    0	    0	
    0	    0	    0	    1	    0	    0	    0	    1	    0	    0	    0	    0	    0	    1	    0	    0	    0	    0	    1	    0	    1	    0	    0	    0	    1	
    1	    1	    1	    0	    0	    0	    1	    0	    0	    1	    0	    1	    1	    0	    0	    0	    1	    0	    0	    1	    0	    0	    0	    1	    0	
    1	    1	    0	    1	    1	    0	    1	    1	    1	    1	    1	    1	    1	    1	    1	    1	    1	    1	    1	    1	    1	    1	    1	    1	    1	
    0	    0	    1	    0	    1	    1	    1	    1	    1	    0	    1	    1	    1	    0	    1	    0	    0	    0	    0	    1	    1	    1	    1	    0	    1	
    0	    0	    0	    1	    0	    0	    0	    0	    1	    0	    0	    0	    0	    1	    0	    0	    0	    1	    0	    0	    0	    1	    1	    0	    1	
    1	    0	    0	    0	    0	    1	    0	    0	    0	    0	    0	    0	    0	    0	    0	    0	    0	    0	    0	    1	    1	    0	    0	    0	    0	
    1	    0	    1	    0	    0	    0	    0	    0	    0	    0	    0	    0	    0	    0	    0	    0	    0	    0	    0	    0	    0	    0	    0	    1	    0	
    0	    1	    0	    0	    0	    0	    1	    0	    0	    0	    0	    0	    0	    0	    0	    0	    0	    0	    0	    1	    0	    0	    0	    0	    0	
    0	    0	    0	    1	    0	    0	    0	    0	    1	    0	    0	    0	    0	    1	    1	    0	    1	    1	    0	    1	    1	    1	    0	    1	    1	
    0	    1	    0	    0	    0	    0	    0	    1	    0	    1	    0	    0	    0	    0	    0	    0	    0	    0	    0	    0	    1	    1	    1	    1	    0	
    0	    1	    0	    1	    0	    1	    1	    0	    0	    0	    1	    1	    0	    0	    0	    1	    1	    0	    0	    1	    1	    1	    0	    0	    0	
    0	    0	    0	    0	    0	    0	    0	    0	    1	    0	    1	    0	    0	    0	    1	    0	    0	    1	    0	    0	    1	    0	    0	    0	    1	
    0	    1	    1	    1	    1	    0	    0	    0	    1	    1	    1	    0	    1	    1	    1	    1	    1	    0	    0	    0	    0	    1	    1	    0	    0	
    0	    0	    0	    0	    0	    0	    1	    1	    0	    1	    1	    1	    1	    0	    0	    0	    1	    0	    0	    0	    1	    0	    0	    1	    0	
    1	    0	    1	    0	    0	    0	    1	    0	    1	    1	    0	    0	    0	    1	    1	    0	    0	    0	    0	    0	    0	    0	    1	    0	    1	
    0	    0	    0	    0	    0	    0	    0	    0	    1	    0	    0	    0	    0	    0	    0	    0	    0	    0	    0	    0	    0	    0	    0	    0	    1	
    0	    0	    1	    0	    0	    0	    1	    1	    1	    1	    1	    1	    0	    0	    0	    0	    1	    0	    1	    0	    1	    1	    0	    1	    0	
    0	    0	    0	    1	    1	    1	    0	    0	    1	    0	    1	    0	    0	    1	    0	    1	    0	    1	    0	    0	    0	    1	    1	    0	    1	
    0	    0	    0	    0	    0	    0	    0	    0	    0	    0	    0	    0	    0	    0	    0	    0	    0	    0	    0	    0	    0	    0	    1	    0	    0	
    1	    1	    1	    1	    0	    1	    1	    1	    1	    1	    1	    1	    1	    1	    1	    0	    1	    1	    1	    1	    1	    1	    1	    1	    1	
    0	    0	    0	    0	    0	    0	    0	    0	    0	    0	    1	    0	    0	    0	    1	    0	    0	    0	    0	    0	    1	    0	    0	    0	    0	
    1	    1	    0	    0	    1	    1	    0	    1	    1	    1	    0	    1	    1	    0	    0	    0	    1	    0	    0	    1	    0	    0	    1	    1	    0	
    0	    1	    0	    1	    1	    1	    1	    1	    0	    0	    1	    1	    1	    1	    1	    1	    1	    0	    1	    1	    1	    1	    1	    1	    1	
    0	    0	    0	    0	    0	    0	    0	    0	    1	    1	    0	    0	    0	    0	    0	    0	    0	    0	    0	    0	    0	    0	    0	    0	    0	
    1	    1	    1	    1	    1	    1	    1	    1	    1	    1	    1	    1	    1	    1	    1	    1	    1	    1	    1	    1	    1	    1	    1	    1	    1	
    0	    0	    0	    1	    0	    0	    0	    0	    0	    0	    0	    0	    0	    0	    1	    0	    1	    0	    0	    1	    0	    1	    1	    0	    0	
    0	    0	    0	    1	    0	    0	    0	    1	    0	    0	    1	    0	    0	    1	    1	    0	    0	    1	    0	    0	    1	    1	    0	    0	    0	
    1	    1	    1	    0	    1	    1	    1	    1	    0	    1	    1	    1	    1	    0	    1	    0	    1	    0	    1	    1	    1	    0	    0	    1	    0	
    0	    0	    0	    1	    1	    1	    0	    0	    1	    0	    1	    0	    0	    1	    0	    1	    0	    1	    0	    0	    0	    1	    1	    0	    1	
    0	    0	    0	    0	    0	    0	    0	    0	    0	    0	    0	    0	    0	    0	    1	    0	    0	    0	    0	    1	    0	    0	    0	    0	    0	
    0	    0	    0	    0	    0	    0	    0	    0	    1	    0	    0	    0	    0	    0	    0	    1	    0	    1	    0	    0	    0	    1	    1	    0	    0	
    1	    1	    0	    0	    1	    1	    0	    0	    1	    0	    1	    0	    1	    1	    0	    1	    1	    0	    1	    1	    1	    1	    1	    1	    1	
    0	    1	    1	    0	    0	    0	    0	    0	    0	    0	    0	    0	    1	    0	    0	    0	    0	    0	    1	    1	    0	    0	    0	    0	    0	
    0	    0	    0	    0	    0	    1	    0	    0	    0	    0	    0	    0	    0	    1	    1	    0	    0	    0	    0	    0	    0	    0	    0	    0	    1	
    1	    0	    0	    0	    0	    0	    0	    0	    0	    0	    1	    1	    0	    0	    0	    0	    0	    0	    0	    0	    0	    0	    0	    0	    0	
    0	    0	    0	    0	    0	    0	    0	    0	    0	    0	    0	    0	    0	    0	    1	    0	    0	    0	    1	    0	    0	    0	    0	    0	    0	
    1	    0	    1	    1	    1	    0	    1	    1	    1	    0	    0	    1	    0	    0	    1	    1	    1	    0	    1	    1	    0	    1	    1	    1	    1	
    0	    1	    0	    0	    1	    0	    0	    1	    0	    0	    1	    0	    1	    0	    0	    1	    1	    0	    1	    0	    0	    1	    0	    1	    0	
    0	    0	    0	    0	    0	    0	    0	    0	    1	    0	    0	    0	    0	    1	    0	    0	    0	    1	    0	    0	    0	    1	    1	    0	    1	
    0	    0	    0	    0	    0	    0	    0	    0	    0	    0	    0	    0	    0	    0	    0	    1	    0	    1	    0	    0	    0	    1	    0	    0	    1	
    0	    1	    0	    1	    1	    1	    1	    0	    0	    0	    0	    1	    0	    1	    0	    0	    0	    0	    1	    1	    1	    0	    0	    0	    0	
    0	    0	    0	    0	    0	    0	    0	    0	    0	    1	    0	    0	    0	    0	    0	    0	    0	    0	    0	    0	    0	    0	    0	    0	    0	
    1	    0	    0	    0	    0	    0	    0	    1	    0	    1	    0	    0	    0	    0	    0	    0	    0	    0	    0	    0	    0	    0	    0	    0	    0	
    0	    0	    0	    0	    0	    0	    0	    0	    0	    0	    0	    1	    1	    0	    0	    0	    0	    0	    0	    0	    0	    0	    0	    0	    0	
    0	    1	    1	    1	    1	    1	    1	    1	    1	    0	    1	    1	    1	    0	    0	    1	    1	    1	    1	    1	    1	    1	    1	    0	    1	
    1	    1	    1	    1	    1	    1	    1	    1	    1	    1	    1	    1	    1	    1	    1	    1	    1	    1	    1	    1	    1	    1	    1	    1	    1	
    1	    1	    0	    0	    0	    0	    1	    1	    0	    1	    0	    0	    0	    1	    0	    0	    0	    1	    0	    0	    1	    0	    0	    1	    0	
    1	    0	    0	    0	    0	    0	    1	    1	    0	    0	    0	    0	    0	    0	    0	    0	    1	    0	    0	    0	    0	    0	    0	    1	    0	
    0	    0	    0	    1	    0	    1	    0	    0	    1	    0	    1	    0	    0	    1	    0	    1	    0	    1	    0	    0	    0	    1	    1	    0	    1	
    1	    1	    0	    0	    0	    0	    1	    1	    0	    1	    0	    1	    1	    0	    1	    0	    1	    0	    1	    1	    1	    0	    0	    1	    0	
    0	    0	    0	    0	    0	    0	    0	    1	    0	    0	    0	    0	    0	    0	    0	    0	    0	    0	    0	    0	    0	    0	    0	    0	    0	
    1	    0	    1	    0	    0	    0	    1	    0	    0	    0	    0	    0	    1	    0	    0	    0	    1	    0	    0	    0	    0	    0	    0	    0	    0	
    0	    1	    0	    0	    1	    0	    0	    0	    0	    0	    0	    0	    0	    1	    0	    0	    1	    0	    1	    1	    0	    0	    0	    0	    0	
    0	    1	    1	    0	    1	    1	    1	    0	    1	    1	    1	    1	    1	    0	    1	    0	    0	    0	    1	    1	    0	    1	    1	    0	    0	
    0	    1	    0	    0	    1	    1	    0	    1	    1	    0	    1	    1	    1	    1	    0	    0	    1	    0	    0	    1	    1	    1	    1	    1	    1	
    1	    1	    1	    0	    1	    1	    1	    1	    0	    1	    1	    1	    1	    0	    1	    0	    1	    0	    1	    1	    1	    0	    0	    0	    0	
    0	    0	    0	    0	    0	    0	    0	    0	    0	    1	    0	    1	    0	    0	    0	    0	    1	    0	    1	    1	    0	    0	    0	    0	    0	
    0	    0	    0	    0	    0	    0	    0	    0	    0	    0	    0	    0	    1	    0	    0	    0	    0	    0	    0	    0	    0	    0	    0	    0	    0	
    0	    1	    1	    0	    1	    1	    0	    0	    0	    1	    1	    1	    1	    1	    0	    0	    1	    1	    1	    1	    0	    1	    1	    1	    0	
    0	    0	    0	    0	    1	    0	    0	    0	    0	    0	    0	    0	    0	    0	    0	    0	    0	    1	    0	    0	    0	    0	    0	    1	    0	
    1	    1	    1	    1	    1	    1	    1	    1	    1	    1	    1	    1	    1	    1	    1	    1	    1	    1	    1	    1	    1	    1	    1	    1	    1	
    0	    1	    0	    0	    1	    1	    0	    1	    1	    0	    1	    1	    0	    0	    1	    0	    1	    0	    0	    1	    1	    1	    1	    1	    1	
    0	    1	    0	    0	    0	    1	    0	    0	    0	    0	    1	    1	    1	    0	    1	    0	    1	    0	    0	    1	    0	    0	    0	    0	    0	
    1	    1	    1	    0	    0	    1	    1	    1	    1	    1	    0	    0	    1	    0	    1	    1	    0	    0	    1	    1	    0	    1	    1	    0	    1	
    0	    0	    0	    1	    1	    1	    0	    1	    0	    0	    1	    0	    0	    1	    0	    0	    0	    1	    0	    0	    1	    1	    1	    0	    0	
    0	    1	    0	    0	    0	    0	    1	    0	    0	    1	    0	    0	    1	    0	    0	    0	    0	    0	    0	    1	    0	    1	    0	    1	    0	
    0	    1	    0	    1	    1	    1	    0	    1	    1	    0	    0	    0	    0	    1	    0	    0	    0	    0	    1	    0	    0	    0	    1	    0	    0	
    0	    1	    1	    0	    0	    0	    1	    0	    0	    0	    0	    0	    1	    0	    0	    0	    0	    0	    0	    1	    0	    0	    0	    0	    0	
    1	    1	    1	    0	    0	    0	    0	    0	    0	    1	    0	    1	    0	    0	    0	    0	    0	    0	    1	    1	    0	    0	    0	    1	    0	
    1	    1	    0	    0	    0	    0	    0	    0	    0	    0	    0	    0	    0	    0	    0	    0	    1	    0	    0	    0	    0	    0	    0	    0	    0	
    0	    1	    1	    0	    1	    0	    1	    0	    0	    0	    1	    0	    0	    0	    0	    0	    0	    1	    0	    0	    1	    0	    0	    1	    0	
    0	    0	    0	    1	    0	    0	    0	    0	    1	    0	    0	    0	    0	    1	    0	    1	    0	    0	    0	    0	    0	    0	    0	    0	    1	
    0	    0	    0	    1	    1	    1	    0	    1	    0	    0	    1	    0	    0	    0	    1	    1	    0	    1	    0	    0	    1	    0	    1	    0	    1	
    1	    0	    1	    0	    0	    0	    0	    0	    1	    0	    0	    0	    1	    0	    0	    0	    0	    0	    0	    0	    0	    0	    0	    0	    0	
    0	    0	    0	    0	    0	    0	    0	    1	    0	    0	    1	    0	    0	    1	    1	    1	    0	    1	    0	    0	    0	    0	    0	    0	    0	
    0	    1	    1	    0	    0	    0	    0	    0	    0	    1	    0	    1	    0	    0	    0	    0	    0	    0	    0	    1	    0	    0	    0	    0	    0	
    0	    1	    0	    1	    1	    1	    1	    1	    1	    0	    1	    1	    1	    1	    1	    1	    1	    1	    1	    1	    1	    1	    1	    1	    1	
    1	    0	    0	    0	    0	    0	    0	    0	    0	    1	    0	    0	    0	    0	    0	    0	    0	    0	    0	    0	    0	    0	    0	    0	    0	
    0	    1	    1	    1	    1	    1	    1	    1	    0	    1	    1	    1	    1	    1	    0	    1	    0	    1	    1	    0	    1	    1	    0	    0	    1	
    0	    1	    0	    0	    1	    0	    1	    1	    0	    1	    1	    1	    0	    0	    0	    0	    1	    0	    0	    0	    0	    1	    0	    0	    0	
    0	    1	    0	    0	    0	    0	    1	    0	    1	    0	    0	    0	    0	    0	    0	    0	    0	    1	    0	    1	    1	    1	    0	    0	    0	
    0	    0	    0	    1	    1	    1	    0	    1	    0	    0	    0	    1	    1	    1	    1	    1	    0	    1	    1	    1	    1	    1	    0	    1	    1	
    0	    0	    0	    0	    1	    1	    0	    0	    1	    0	    0	    0	    0	    1	    1	    1	    0	    0	    1	    0	    0	    1	    0	    0	    1	
    1	    1	    1	    0	    1	    1	    1	    1	    0	    0	    0	    1	    0	    0	    1	    0	    1	    0	    1	    1	    1	    1	    0	    1	    0	
    0	    0	    0	    1	    1	    1	    0	    1	    1	    0	    0	    0	    0	    1	    1	    0	    0	    1	    0	    0	    1	    0	    1	    0	    0	
    0	    1	    0	    0	    0	    0	    0	    0	    0	    0	    0	    0	    0	    0	    0	    0	    0	    0	    1	    0	    0	    0	    0	    0	    0	
    0	    0	    0	    0	    0	    0	    0	    0	    0	    0	    0	    0	    0	    0	    0	    0	    1	    0	    0	    0	    0	    0	    0	    0	    0	
    0	    0	    0	    0	    0	    0	    0	    0	    0	    0	    0	    0	    0	    1	    0	    0	    0	    0	    0	    0	    1	    1	    0	    0	    0	
    0	    0	    0	    0	    0	    1	    0	    0	    0	    0	    0	    0	    0	    0	    0	    0	    0	    0	    0	    0	    1	    0	    1	    0	    0	
    1	    0	    0	    0	    0	    0	    1	    0	    0	    0	    0	    0	    1	    0	    0	    0	    0	    0	    1	    1	    0	    0	    0	    0	    0	
    1	    1	    1	    0	    1	    1	    1	    0	    1	    1	    1	    0	    1	    1	    1	    0	    1	    0	    1	    0	    1	    1	    1	    1	    0	
    0	    0	    0	    1	    1	    1	    0	    0	    1	    0	    1	    0	    0	    1	    1	    0	    0	    1	    0	    0	    0	    1	    1	    0	    1	
    1	    1	    1	    0	    1	    1	    1	    1	    0	    1	    1	    1	    1	    0	    1	    1	    1	    1	    1	    1	    1	    0	    1	    1	    1	
    1	    1	    0	    0	    0	    0	    1	    0	    0	    1	    0	    0	    0	    0	    0	    0	    1	    0	    1	    1	    0	    0	    0	    0	    0	
    0	    1	    0	    0	    0	    0	    1	    0	    0	    1	    1	    1	    0	    0	    1	    0	    1	    0	    0	    1	    1	    1	    1	    1	    0	
    1	    0	    0	    0	    1	    0	    1	    0	    0	    0	    1	    0	    1	    0	    0	    0	    0	    0	    0	    0	    0	    0	    0	    0	    0	
    1	    0	    1	    0	    1	    1	    0	    1	    0	    1	    1	    0	    1	    0	    0	    0	    0	    0	    1	    1	    1	    0	    0	    1	    0	
    1	    1	    0	    1	    1	    0	    0	    0	    0	    0	    0	    1	    1	    0	    1	    0	    1	    1	    0	    0	    0	    0	    0	    0	    0	
    1	    1	    1	    0	    1	    0	    1	    0	    1	    1	    1	    1	    1	    0	    1	    0	    1	    0	    1	    0	    1	    1	    1	    0	    0	
    1	    0	    0	    0	    0	    0	    0	    1	    0	    0	    0	    0	    1	    0	    0	    0	    0	    0	    0	    0	    0	    0	    0	    0	    0	
    1	    1	    1	    1	    1	    0	    1	    1	    1	    1	    0	    0	    0	    0	    1	    1	    1	    1	    0	    1	    1	    0	    0	    1	    0	
    0	    0	    1	    0	    0	    0	    0	    0	    0	    0	    0	    1	    1	    0	    0	    0	    0	    0	    1	    0	    0	    0	    0	    0	    0	
    0	    0	    0	    1	    1	    1	    0	    0	    1	    0	    1	    0	    0	    1	    1	    1	    0	    0	    0	    0	    1	    1	    1	    0	    1	
    0	    0	    0	    1	    0	    0	    0	    0	    1	    0	    0	    0	    0	    1	    0	    1	    0	    0	    0	    0	    0	    1	    1	    0	    1	
    0	    0	    1	    0	    0	    0	    0	    0	    0	    0	    0	    0	    0	    0	    0	    1	    0	    0	    0	    1	    0	    0	    0	    0	    0	
    1	    1	    1	    0	    1	    1	    1	    1	    0	    1	    1	    0	    1	    0	    0	    0	    1	    0	    1	    1	    1	    1	    0	    1	    0	
    0	    1	    0	    1	    1	    1	    0	    1	    1	    0	    1	    1	    0	    1	    1	    1	    1	    1	    1	    1	    1	    1	    0	    1	    1	
    1	    0	    0	    0	    0	    1	    1	    1	    0	    0	    1	    0	    0	    0	    1	    0	    0	    0	    0	    0	    0	    0	    0	    0	    0	
    0	    0	    0	    1	    0	    0	    0	    0	    0	    0	    0	    0	    0	    1	    0	    0	    0	    1	    0	    0	    0	    0	    1	    0	    1	
    0	    0	    0	    1	    1	    1	    0	    1	    1	    0	    1	    0	    0	    1	    1	    0	    0	    1	    0	    0	    1	    0	    1	    0	    1	
    0	    0	    0	    0	    0	    0	    0	    0	    1	    0	    0	    0	    0	    0	    0	    0	    0	    0	    0	    0	    0	    0	    0	    0	    0	
    0	    0	    0	    0	    0	    0	    0	    0	    0	    0	    0	    0	    0	    0	    0	    0	    1	    0	    0	    0	    0	    0	    0	    0	    0	
    0	    1	    0	    0	    0	    0	    0	    0	    0	    0	    0	    0	    1	    0	    0	    0	    1	    0	    1	    1	    0	    0	    0	    1	    0	
    1	    1	    1	    1	    1	    1	    1	    1	    1	    1	    1	    1	    1	    1	    1	    1	    1	    1	    1	    1	    1	    1	    1	    1	    1	
    0	    0	    0	    0	    0	    1	    0	    0	    1	    0	    0	    0	    0	    0	    0	    0	    1	    0	    1	    0	    1	    1	    0	    0	    0	
    0	    0	    0	    0	    0	    0	    0	    0	    0	    0	    1	    0	    0	    0	    0	    0	    0	    1	    1	    1	    0	    1	    0	    1	    0	
    1	    0	    1	    0	    0	    1	    1	    1	    1	    1	    1	    1	    1	    0	    1	    0	    1	    0	    1	    1	    1	    1	    1	    1	    0	
    0	    0	    0	    1	    0	    0	    0	    0	    0	    0	    0	    0	    0	    0	    0	    0	    0	    0	    0	    0	    0	    0	    0	    0	    0	
    1	    1	    1	    1	    1	    1	    1	    1	    1	    1	    1	    0	    1	    1	    1	    1	    1	    1	    1	    1	    1	    1	    1	    1	    1	
    0	    1	    0	    0	    1	    0	    1	    0	    1	    0	    0	    1	    0	    1	    1	    0	    0	    1	    1	    0	    1	    1	    1	    0	    0	
    1	    1	    0	    0	    1	    1	    0	    1	    1	    1	    1	    0	    1	    0	    1	    0	    1	    0	    1	    1	    0	    1	    1	    1	    0	
    1	    0	    0	    0	    0	    0	    0	    0	    0	    0	    0	    0	    0	    0	    0	    0	    0	    0	    0	    0	    0	    0	    0	    0	    0	
    0	    1	    0	    0	    0	    0	    0	    0	    0	    0	    0	    0	    0	    0	    0	    0	    0	    0	    0	    0	    0	    0	    0	    0	    0	
    0	    0	    1	    0	    0	    0	    0	    0	    0	    0	    0	    0	    0	    0	    0	    0	    0	    0	    0	    0	    0	    0	    0	    0	    0	
    0	    0	    0	    1	    0	    0	    0	    0	    0	    0	    0	    0	    0	    0	    0	    0	    0	    0	    0	    0	    0	    0	    0	    0	    0	
    0	    0	    0	    0	    1	    0	    0	    0	    0	    0	    0	    0	    0	    0	    0	    0	    0	    0	    0	    0	    0	    0	    0	    0	    0	
    0	    0	    0	    0	    0	    1	    0	    0	    0	    0	    0	    0	    0	    0	    0	    0	    0	    0	    0	    0	    0	    0	    0	    0	    0	
    0	    0	    0	    0	    0	    0	    1	    0	    0	    0	    0	    0	    0	    0	    0	    0	    0	    0	    0	    0	    0	    0	    0	    0	    0	
    0	    0	    0	    0	    0	    0	    0	    1	    0	    0	    0	    0	    0	    0	    0	    0	    0	    0	    0	    0	    0	    0	    0	    0	    0	
    0	    0	    0	    0	    0	    0	    0	    0	    1	    0	    0	    0	    0	    0	    0	    0	    0	    0	    0	    0	    0	    0	    0	    0	    0	
    0	    0	    0	    0	    0	    0	    0	    0	    0	    1	    0	    0	    0	    0	    0	    0	    0	    0	    0	    0	    0	    0	    0	    0	    0	
    0	    0	    0	    0	    0	    0	    0	    0	    0	    0	    1	    0	    0	    0	    0	    0	    0	    0	    0	    0	    0	    0	    0	    0	    0	
    0	    0	    0	    0	    0	    0	    0	    0	    0	    0	    0	    1	    0	    0	    0	    0	    0	    0	    0	    0	    0	    0	    0	    0	    0	
    0	    0	    0	    0	    0	    0	    0	    0	    0	    0	    0	    0	    1	    0	    0	    0	    0	    0	    0	    0	    0	    0	    0	    0	    0	
    0	    0	    0	    0	    0	    0	    0	    0	    0	    0	    0	    0	    0	    1	    0	    0	    0	    0	    0	    0	    0	    0	    0	    0	    0	
    0	    0	    0	    0	    0	    0	    0	    0	    0	    0	    0	    0	    0	    0	    1	    0	    0	    0	    0	    0	    0	    0	    0	    0	    0	
    0	    0	    0	    0	    0	    0	    0	    0	    0	    0	    0	    0	    0	    0	    0	    1	    0	    0	    0	    0	    0	    0	    0	    0	    0	
    0	    0	    0	    0	    0	    0	    0	    0	    0	    0	    0	    0	    0	    0	    0	    0	    1	    0	    0	    0	    0	    0	    0	    0	    0	
    0	    0	    0	    0	    0	    0	    0	    0	    0	    0	    0	    0	    0	    0	    0	    0	    0	    1	    0	    0	    0	    0	    0	    0	    0	
    0	    0	    0	    0	    0	    0	    0	    0	    0	    0	    0	    0	    0	    0	    0	    0	    0	    0	    1	    0	    0	    0	    0	    0	    0	
    0	    0	    0	    0	    0	    0	    0	    0	    0	    0	    0	    0	    0	    0	    0	    0	    0	    0	    0	    1	    0	    0	    0	    0	    0	
    0	    0	    0	    0	    0	    0	    0	    0	    0	    0	    0	    0	    0	    0	    0	    0	    0	    0	    0	    0	    1	    0	    0	    0	    0	
    0	    0	    0	    0	    0	    0	    0	    0	    0	    0	    0	    0	    0	    0	    0	    0	    0	    0	    0	    0	    0	    1	    0	    0	    0	
    0	    0	    0	    0	    0	    0	    0	    0	    0	    0	    0	    0	    0	    0	    0	    0	    0	    0	    0	    0	    0	    0	    1	    0	    0	
    0	    0	    0	    0	    0	    0	    0	    0	    0	    0	    0	    0	    0	    0	    0	    0	    0	    0	    0	    0	    0	    0	    0	    1	    0	
    0	    0	    0	    0	    0	    0	    0	    0	    0	    0	    0	    0	    0	    0	    0	    0	    0	    0	    0	    0	    0	    0	    0	    0	    1	


0	75	95	95	60	120	105	30	55	60	95	75	60	40	75	110	85	95	110	40	80	105	35	30	120	60	45	100	50	70	55	120	30	105	90	65	50	30	85	85	40	60	65	40	35	90	90	60	30	105	70	75	65	40	80	45	40	40	70	50	50	60	75	110	110	105	65	35	75	90	90	45	115	40	45	50	50	90	35	105	40	95	55	85	80	115	70	85	80	30	50	100	90	100	50	65	65	40	60	105	65	110	60	95	35	110	65	50	75	110	60	120	65	65	65	40	50	35	85	90	105	80	35	30	40	50	30	75	40	115	45	60	40	120	35	80	50	35	85	105	100	110	120	70	105	45	70	75	110	110	85	60	60	60	60	60	60	60	60	60	60	60	60	60	60	60	60	60	60	60	60	60	60	60	60	60	
0	505	1005	1000	460	475	1010	1065	590	1040	600	770	880	640	1015	705	795	685	805	730	645	735	865	605	950	680	1130	485	990	540	970	460	705	740	1040	620	465	590	880	710	795	1000	780	595	860	920	640	1035	985	785	635	595	900	800	725	730	945	575	995	745	1050	725	525	980	575	645	830	925	1070	1040	825	495	510	490	805	820	785	540	1045	570	950	495	905	645	875	570	470	825	670	860	730	870	570	685	980	635	805	515	490	455	790	1020	965	815	985	485	910	470	730	620	670	800	965	595	950	490	845	990	930	460	645	1005	775	495	635	615	560	655	670	565	765	465	980	1005	770	570	945	660	1040	935	1045	680	435	745	845	900	615	910	790	840	635	600	660	600	900	780	780	630	720	840	600	780	660	630	870	750	900	660	870	690	660	720	810	840	660	900	
1440	670	1170	1170	580	655	1205	1160	710	1185	770	905	1030	760	1180	905	955	840	980	855	815	930	980	710	1140	805	1235	665	1120	690	1100	660	805	935	1210	750	605	680	1025	865	915	1130	920	705	975	1075	800	1185	1080	950	765	760	1055	900	880	860	1070	685	1150	880	1190	850	690	1175	750	810	985	1030	1230	1195	995	600	700	590	935	930	895	700	1140	755	1070	660	1035	805	1025	770	625	1000	815	965	850	1045	735	865	1105	770	930	630	615	620	945	1195	1115	995	1100	665	1050	600	895	815	790	990	1120	725	1105	600	955	1110	1095	630	815	1150	900	605	755	730	680	815	775	755	880	610	1100	1185	885	740	1060	765	1210	1125	1210	855	645	885	1030	1015	770	1055	990	1030	790	780	840	780	1080	960	960	810	900	1020	780	960	840	810	1050	930	1080	840	1050	870	840	900	990	1020	840	1080	


420	480	420	720	600	600	450	540	660	420	600	480	450	690	570	720	480	690	510	480	540	630	660	480	720	
960	1020	960	1260	1140	1140	990	1080	1200	960	1140	1020	990	1230	1110	1260	1020	1230	1050	1020	1080	1170	1200	1020	1260	


1332
13500


 40.000000	 50.000000 
 45.000000	 68.000000 
 45.000000	 70.000000 
 42.000000	 66.000000 
 42.000000	 68.000000 
 42.000000	 65.000000 
 40.000000	 69.000000 
 40.000000	 66.000000 
 38.000000	 68.000000 
 38.000000	 70.000000 
 35.000000	 66.000000 
 35.000000	 69.000000 
 25.000000	 85.000000 
 22.000000	 75.000000 
 22.000000	 85.000000 
 20.000000	 80.000000 
 20.000000	 85.000000 
 18.000000	 75.000000 
 15.000000	 75.000000 
 15.000000	 80.000000 
 30.000000	 50.000000 
 30.000000	 52.000000 
 28.000000	 52.000000 
 28.000000	 55.000000 
 25.000000	 50.000000 
 25.000000	 52.000000 
 25.000000	 55.000000 
 23.000000	 52.000000 
 23.000000	 55.000000 
 20.000000	 50.000000 
 20.000000	 55.000000 
 10.000000	 35.000000 
 10.000000	 40.000000 
  8.000000	 40.000000 
  8.000000	 45.000000 
  5.000000	 35.000000 
  5.000000	 45.000000 
  2.000000	 40.000000 
  0.000000	 40.000000 
  0.000000	 45.000000 
 35.000000	 30.000000 
 35.000000	 32.000000 
 33.000000	 32.000000 
 33.000000	 35.000000 
 32.000000	 30.000000 
 30.000000	 30.000000 
 30.000000	 32.000000 
 30.000000	 35.000000 
 28.000000	 30.000000 
 28.000000	 35.000000 
 26.000000	 32.000000 
 25.000000	 30.000000 
 25.000000	 35.000000 
 44.000000	  5.000000 
 42.000000	 10.000000 
 42.000000	 15.000000 
 40.000000	  5.000000 
 40.000000	 15.000000 
 38.000000	  5.000000 
 38.000000	 15.000000 
 35.000000	  5.000000 
 50.000000	 30.000000 
 50.000000	 35.000000 
 50.000000	 40.000000 
 48.000000	 30.000000 
 48.000000	 40.000000 
 47.000000	 35.000000 
 47.000000	 40.000000 
 45.000000	 30.000000 
 45.000000	 35.000000 
 95.000000	 30.000000 
 95.000000	 35.000000 
 53.000000	 30.000000 
 92.000000	 30.000000 
 53.000000	 35.000000 
 45.000000	 65.000000 
 90.000000	 35.000000 
 88.000000	 30.000000 
 88.000000	 35.000000 
 87.000000	 30.000000 
 85.000000	 25.000000 
 85.000000	 35.000000 
 75.000000	 55.000000 
 72.000000	 55.000000 
 70.000000	 58.000000 
 68.000000	 60.000000 
 66.000000	 55.000000 
 65.000000	 55.000000 
 65.000000	 60.000000 
 63.000000	 58.000000 
 60.000000	 55.000000 
 60.000000	 60.000000 
 67.000000	 85.000000 
 65.000000	 85.000000 
 65.000000	 82.000000 
 62.000000	 80.000000 
 60.000000	 80.000000 
 60.000000	 85.000000 
 58.000000	 75.000000 
 55.000000	 80.000000 
 55.000000	 85.000000 
 72.000000	 55.000000 
 42.000000	 66.000000 
 40.000000	  5.000000 
 28.000000	 55.000000 
  2.000000	 40.000000 
 50.000000	 40.000000 
 25.000000	 30.000000 
 85.000000	 35.000000 
 22.000000	 75.000000 
 66.000000	 55.000000 
 40.000000	  5.000000 
 45.000000	 35.000000 
 33.000000	 32.000000 
 65.000000	 55.000000 
 40.000000	 69.000000 
 38.000000	 15.000000 
 50.000000	 35.000000 
 42.000000	 65.000000 
 38.000000	 70.000000 
 23.000000	 52.000000 
 40.000000	 69.000000 
  2.000000	 40.000000 
 33.000000	 32.000000 
 35.000000	 69.000000 
 28.000000	 30.000000 
 55.000000	 85.000000 
 20.000000	 50.000000 
 44.000000	  5.000000 
 90.000000	 35.000000 
 75.000000	 55.000000 
 35.000000	 69.000000 
 28.000000	 52.000000 
 33.000000	 35.000000 
  2.000000	 40.000000 
 40.000000	 66.000000 
 53.000000	 30.000000 
 60.000000	 85.000000 
 68.000000	 60.000000 
 30.000000	 50.000000 
 15.000000	 75.000000 
 95.000000	 35.000000 
 28.000000	 55.000000 
 85.000000	 35.000000 
 44.000000	  5.000000 
 60.000000	 55.000000 
 68.000000	 60.000000 
 85.000000	 35.000000 
 42.000000	 66.000000 
 20.000000	 55.000000 
  5.000000	 45.000000 
