
  100
   10


    0 
    1 
   10 
    3 
    6 
    1 
    4 
    8 
    2 
    9 
   10 
    3 
    9 
    3 
    2 
   10 
    2 
    2 
    6 
    7 
    6 
    1 
    4 
    8 
    6 
    3 
    7 
    4 
    5 
    7 
    8 
   10 
    4 
    8 
    6 
    1 
    7 
    2 
    8 
    8 
    3 
    2 
    7 
    4 
   10 
    8 
    4 
    6 
    2 
    8 
    3 
   10 
    8 
    2 
    7 
    5 
    1 
    8 
    3 
    7 
    9 
    3 
    2 
    8 
    2 
    8 
    2 
    2 
    3 
    9 
    2 
    2 
    5 
   10 
    7 
   10 
    2 
    7 
    8 
    1 
    5 
    7 
    4 
    1 
   10 
   10 
    6 
    1 
    9 
    6 
   10 
    8 
    7 
    3 
    3 
    1 
    7 
    4 
    6 
    1 
    3 
   10 
   10 
   10 
   10 
   10 
   10 
   10 
   10 
   10 
   10 

    0	    0	    0	    0	    0	    0	    0	    0	    0	    0	
    0	    0	    0	    0	    0	    1	    1	    1	    1	    1	
    0	    0	    0	    1	    1	    0	    1	    1	    0	    1	
    1	    0	    1	    1	    0	    1	    1	    0	    1	    1	
    0	    0	    0	    0	    1	    1	    0	    0	    0	    1	
    1	    0	    0	    1	    0	    0	    1	    0	    0	    0	
    1	    1	    1	    1	    1	    1	    1	    0	    1	    1	
    0	    1	    1	    1	    1	    1	    1	    0	    1	    0	
    0	    0	    0	    0	    0	    1	    1	    1	    1	    0	
    1	    1	    1	    1	    0	    1	    1	    1	    0	    1	
    1	    1	    1	    1	    1	    1	    1	    0	    1	    1	
    1	    1	    0	    0	    1	    0	    0	    0	    0	    0	
    1	    0	    1	    0	    1	    1	    1	    1	    1	    1	
    1	    1	    1	    1	    1	    1	    1	    0	    1	    1	
    1	    1	    1	    1	    1	    1	    1	    0	    1	    1	
    1	    0	    1	    1	    0	    0	    0	    1	    0	    1	
    0	    1	    0	    1	    1	    0	    1	    1	    0	    1	
    0	    1	    0	    0	    0	    0	    0	    0	    0	    0	
    1	    1	    0	    1	    1	    0	    0	    0	    1	    0	
    1	    1	    1	    1	    1	    1	    0	    0	    0	    0	
    1	    1	    1	    1	    1	    1	    1	    1	    1	    1	
    1	    1	    1	    1	    1	    1	    1	    1	    1	    1	
    0	    0	    0	    1	    0	    0	    0	    1	    1	    0	
    0	    0	    0	    0	    0	    0	    1	    0	    0	    0	
    1	    1	    1	    0	    1	    1	    1	    1	    0	    1	
    0	    1	    1	    0	    1	    1	    1	    1	    1	    1	
    0	    0	    0	    0	    0	    0	    0	    0	    0	    1	
    0	    0	    1	    0	    0	    0	    0	    0	    0	    0	
    1	    0	    0	    0	    0	    0	    1	    1	    0	    0	
    0	    0	    1	    1	    1	    1	    0	    1	    0	    1	
    1	    1	    1	    1	    1	    0	    1	    1	    1	    0	
    0	    1	    1	    0	    1	    1	    0	    1	    0	    1	
    0	    1	    1	    1	    1	    0	    1	    1	    1	    1	
    0	    1	    1	    1	    1	    1	    1	    0	    1	    1	
    1	    0	    0	    0	    1	    0	    0	    0	    1	    1	
    1	    1	    1	    1	    1	    1	    1	    1	    1	    1	
    0	    0	    0	    0	    0	    1	    0	    0	    0	    0	
    0	    0	    0	    0	    0	    0	    0	    1	    0	    1	
    1	    0	    1	    1	    0	    0	    1	    1	    0	    0	
    1	    1	    1	    1	    1	    1	    1	    1	    1	    1	
    0	    1	    0	    1	    0	    1	    0	    1	    0	    1	
    0	    0	    0	    0	    0	    0	    1	    0	    1	    0	
    1	    0	    0	    1	    0	    0	    1	    0	    1	    0	
    0	    0	    0	    1	    0	    1	    1	    1	    0	    1	
    1	    1	    0	    1	    1	    1	    1	    1	    1	    1	
    0	    1	    1	    0	    0	    0	    0	    1	    1	    1	
    0	    0	    1	    1	    1	    0	    1	    1	    0	    0	
    1	    0	    0	    0	    0	    1	    1	    0	    1	    0	
    0	    0	    1	    1	    1	    0	    0	    0	    0	    0	
    0	    1	    1	    0	    1	    1	    1	    1	    0	    0	
    1	    0	    0	    1	    1	    1	    0	    1	    1	    1	
    0	    1	    1	    1	    1	    1	    0	    1	    1	    1	
    0	    0	    1	    1	    1	    0	    0	    0	    1	    1	
    0	    0	    0	    0	    0	    0	    0	    0	    0	    1	
    1	    1	    1	    0	    1	    1	    1	    1	    1	    1	
    1	    0	    0	    0	    0	    0	    0	    0	    0	    0	
    0	    1	    1	    1	    0	    0	    1	    1	    0	    0	
    0	    0	    1	    1	    1	    0	    1	    1	    1	    1	
    1	    1	    0	    1	    0	    1	    0	    0	    0	    1	
    0	    0	    1	    0	    0	    1	    0	    0	    0	    1	
    1	    0	    1	    0	    1	    1	    0	    1	    1	    1	
    1	    1	    1	    1	    1	    1	    1	    1	    1	    1	
    1	    0	    1	    0	    1	    1	    0	    0	    1	    0	
    1	    1	    1	    1	    0	    1	    1	    0	    1	    0	
    1	    0	    1	    1	    0	    1	    0	    1	    0	    1	
    0	    0	    1	    1	    0	    0	    0	    0	    0	    0	
    1	    0	    1	    1	    1	    1	    0	    1	    1	    1	
    1	    0	    1	    1	    1	    1	    1	    0	    0	    0	
    1	    1	    1	    1	    1	    1	    1	    1	    1	    1	
    1	    1	    1	    1	    1	    1	    1	    1	    1	    1	
    1	    0	    0	    0	    0	    0	    1	    1	    1	    0	
    1	    0	    0	    0	    0	    1	    1	    1	    1	    1	
    1	    1	    1	    1	    1	    1	    1	    1	    1	    1	
    0	    0	    1	    0	    1	    1	    1	    1	    1	    1	
    1	    0	    0	    0	    0	    1	    0	    0	    0	    1	
    1	    1	    1	    1	    0	    1	    1	    1	    1	    1	
    0	    0	    0	    0	    0	    1	    0	    0	    0	    1	
    1	    0	    1	    1	    0	    1	    1	    0	    0	    1	
    1	    0	    0	    0	    0	    0	    0	    0	    0	    0	
    1	    1	    1	    1	    1	    1	    1	    1	    1	    1	
    0	    0	    1	    1	    0	    0	    0	    1	    1	    1	
    0	    1	    0	    0	    0	    0	    1	    0	    1	    0	
    1	    0	    1	    1	    0	    1	    1	    1	    1	    1	
    1	    1	    1	    1	    1	    1	    1	    0	    1	    1	
    0	    1	    0	    0	    0	    0	    0	    0	    0	    0	
    0	    1	    0	    0	    1	    1	    1	    0	    1	    0	
    0	    1	    1	    0	    0	    0	    1	    1	    1	    0	
    0	    1	    0	    1	    0	    0	    0	    0	    0	    0	
    1	    1	    1	    1	    1	    1	    1	    1	    1	    1	
    0	    1	    1	    0	    0	    0	    0	    0	    1	    0	
    1	    1	    0	    0	    0	    0	    1	    0	    0	    1	
    0	    0	    0	    0	    0	    1	    0	    1	    0	    0	
    1	    1	    1	    1	    1	    1	    1	    0	    1	    1	
    1	    0	    1	    0	    0	    0	    0	    0	    0	    0	
    0	    1	    0	    0	    0	    1	    0	    1	    0	    0	
    0	    0	    1	    0	    0	    0	    0	    0	    0	    0	
    0	    0	    0	    0	    0	    0	    0	    1	    1	    0	
    0	    0	    1	    0	    1	    1	    0	    0	    1	    0	
    1	    1	    1	    1	    0	    1	    1	    1	    0	    1	
    0	    0	    0	    0	    0	    1	    1	    0	    0	    0	
    1	    0	    1	    0	    0	    0	    1	    0	    0	    1	
    1	    0	    0	    0	    0	    0	    0	    0	    0	    0	
    0	    1	    0	    0	    0	    0	    0	    0	    0	    0	
    0	    0	    1	    0	    0	    0	    0	    0	    0	    0	
    0	    0	    0	    1	    0	    0	    0	    0	    0	    0	
    0	    0	    0	    0	    1	    0	    0	    0	    0	    0	
    0	    0	    0	    0	    0	    1	    0	    0	    0	    0	
    0	    0	    0	    0	    0	    0	    1	    0	    0	    0	
    0	    0	    0	    0	    0	    0	    0	    1	    0	    0	
    0	    0	    0	    0	    0	    0	    0	    0	    1	    0	
    0	    0	    0	    0	    0	    0	    0	    0	    0	    1	


0	120	100	50	30	105	90	110	100	55	90	80	90	60	45	75	120	120	50	80	60	115	65	45	110	75	65	55	110	115	120	70	65	45	65	50	120	85	95	45	100	110	60	35	45	80	70	30	90	60	60	95	45	45	100	35	60	90	95	45	120	105	35	90	40	110	90	70	70	55	65	85	115	95	50	120	30	115	100	80	110	85	95	65	115	120	55	75	45	70	55	60	75	75	105	75	110	50	120	30	105	60	60	60	60	60	60	60	60	60	60	
0	470	650	650	560	545	770	635	520	570	575	685	655	635	580	525	650	600	775	635	720	580	585	600	465	485	580	605	585	475	485	555	710	475	695	590	700	535	510	500	560	470	695	575	665	490	610	785	465	480	535	545	590	590	555	645	505	685	535	495	605	550	845	485	440	485	720	595	445	670	630	705	655	525	790	595	505	705	615	520	530	640	735	690	705	470	605	560	750	690	765	555	445	700	670	580	575	505	575	590	620	600	660	870	780	780	780	630	630	660	900	
1440	960	1155	1115	975	1015	1235	1110	1010	1040	1080	1155	1130	1055	1020	985	1150	1140	1195	1120	1180	1060	1070	1055	945	955	1045	1030	1070	965	985	1025	1180	900	1150	1040	1230	995	1000	940	1040	980	1130	1025	1095	955	1095	1185	955	960	980	1050	1010	1000	1050	1055	940	1150	1050	960	1135	1065	1245	995	890	970	1185	1030	905	1100	1085	1175	1190	1040	1220	1125	950	1220	1130	990	1040	1135	1250	1130	1215	985	1030	1055	1155	1140	1240	1025	900	1180	1180	1070	1045	965	1110	1005	1100	780	840	1050	960	960	960	810	810	840	1080	


420	480	690	600	600	600	450	450	480	720	
960	1020	1230	1140	1140	1140	990	990	1020	1260	


1352
5400


 40.000000	 50.000000 
 25.000000	 85.000000 
 72.000000	 35.000000 
 22.000000	 75.000000 
 55.000000	 20.000000 
 22.000000	 85.000000 
 25.000000	 30.000000 
 20.000000	 80.000000 
 20.000000	 50.000000 
 20.000000	 85.000000 
 55.000000	 60.000000 
 18.000000	 75.000000 
 30.000000	 60.000000 
 15.000000	 75.000000 
 50.000000	 35.000000 
 15.000000	 80.000000 
 30.000000	 25.000000 
 10.000000	 35.000000 
 15.000000	 10.000000 
 10.000000	 40.000000 
 10.000000	 20.000000 
  8.000000	 40.000000 
 15.000000	 60.000000 
  8.000000	 45.000000 
 45.000000	 65.000000 
  5.000000	 35.000000 
 65.000000	 35.000000 
  5.000000	 45.000000 
 65.000000	 20.000000 
  2.000000	 40.000000 
 45.000000	 30.000000 
  0.000000	 40.000000 
 35.000000	 40.000000 
  0.000000	 45.000000 
 41.000000	 37.000000 
 44.000000	  5.000000 
 64.000000	 42.000000 
 42.000000	 10.000000 
 40.000000	 60.000000 
 42.000000	 15.000000 
 31.000000	 52.000000 
 40.000000	  5.000000 
 35.000000	 69.000000 
 40.000000	 15.000000 
 65.000000	 55.000000 
 38.000000	  5.000000 
 63.000000	 65.000000 
 38.000000	 15.000000 
  2.000000	 60.000000 
 35.000000	  5.000000 
 20.000000	 20.000000 
 95.000000	 30.000000 
  5.000000	  5.000000 
 95.000000	 35.000000 
 60.000000	 12.000000 
 92.000000	 30.000000 
 23.000000	  3.000000 
 90.000000	 35.000000 
  8.000000	 56.000000 
 88.000000	 30.000000 
  6.000000	 68.000000 
 88.000000	 35.000000 
 47.000000	 47.000000 
 87.000000	 30.000000 
 49.000000	 58.000000 
 85.000000	 25.000000 
 27.000000	 43.000000 
 85.000000	 35.000000 
 37.000000	 31.000000 
 67.000000	 85.000000 
 57.000000	 29.000000 
 65.000000	 85.000000 
 63.000000	 23.000000 
 65.000000	 82.000000 
 21.000000	 24.000000 
 62.000000	 80.000000 
 12.000000	 24.000000 
 60.000000	 80.000000 
 24.000000	 58.000000 
 60.000000	 85.000000 
 67.000000	  5.000000 
 58.000000	 75.000000 
 37.000000	 47.000000 
 55.000000	 80.000000 
 49.000000	 42.000000 
 55.000000	 85.000000 
 53.000000	 43.000000 
 55.000000	 82.000000 
 61.000000	 52.000000 
 20.000000	 82.000000 
 57.000000	 48.000000 
 18.000000	 80.000000 
 56.000000	 37.000000 
  2.000000	 45.000000 
 55.000000	 54.000000 
 42.000000	  5.000000 
  4.000000	 18.000000 
 42.000000	 12.000000 
 26.000000	 52.000000 
 26.000000	 35.000000 
 31.000000	 67.000000 
