
  150
   25


    0 
   10 
    8 
    2 
    7 
    5 
    1 
    8 
    3 
    7 
    9 
    3 
    2 
    8 
    2 
    8 
    2 
    2 
    3 
    9 
    2 
    2 
    5 
   10 
    7 
   10 
    2 
    7 
    8 
    1 
    5 
    7 
    4 
    1 
   10 
   10 
    6 
    1 
    9 
    6 
   10 
    8 
    7 
    3 
    3 
    1 
    7 
    4 
    6 
    1 
    3 
   10 
    8 
    3 
    1 
    9 
    7 
    9 
    8 
    3 
    7 
    6 
    7 
    4 
    2 
    6 
   10 
   10 
    3 
    6 
    4 
   10 
    4 
    2 
    9 
    5 
    4 
    3 
    9 
   10 
   10 
    5 
    4 
    2 
    5 
    3 
   10 
    7 
    8 
    3 
    8 
    9 
    4 
    1 
    2 
    6 
    5 
    1 
    7 
    4 
    4 
    8 
    2 
    2 
    8 
    1 
    4 
    7 
    8 
    2 
   10 
    9 
    1 
    7 
    2 
    9 
    7 
    5 
    5 
    3 
    4 
    6 
   10 
    7 
    3 
   10 
    1 
   10 
    8 
    6 
    9 
    7 
    8 
    4 
   10 
   10 
    3 
    6 
    2 
    5 
    3 
    4 
    5 
    5 
    9 
    5 
    9 
    3 
   10 
    1 
    9 
   10 
   10 
   10 
   10 
   10 
   10 
   10 
   10 
   10 
   10 
   10 
   10 
   10 
   10 
   10 
   10 
   10 
   10 
   10 
   10 
   10 
   10 
   10 
   10 
   10 

    0	    0	    0	    0	    0	    0	    0	    0	    0	    0	    0	    0	    0	    0	    0	    0	    0	    0	    0	    0	    0	    0	    0	    0	    0	
    1	    1	    0	    0	    0	    0	    1	    1	    0	    1	    0	    1	    0	    1	    0	    0	    1	    1	    1	    0	    0	    1	    0	    1	    0	
    1	    0	    1	    1	    1	    1	    1	    1	    0	    1	    1	    1	    1	    1	    1	    1	    0	    0	    1	    1	    0	    1	    1	    0	    1	
    0	    0	    1	    0	    0	    0	    0	    0	    1	    0	    1	    1	    0	    1	    1	    1	    1	    0	    1	    1	    1	    1	    1	    1	    0	
    1	    0	    0	    1	    0	    1	    1	    1	    1	    1	    1	    0	    0	    0	    1	    1	    1	    0	    1	    1	    1	    0	    0	    0	    1	
    1	    1	    1	    1	    1	    1	    1	    1	    1	    1	    1	    1	    1	    1	    1	    1	    1	    1	    1	    1	    1	    1	    1	    1	    1	
    1	    0	    0	    0	    1	    1	    0	    1	    0	    1	    1	    0	    1	    0	    1	    0	    0	    1	    0	    0	    0	    1	    0	    1	    1	
    1	    0	    1	    0	    0	    1	    0	    0	    0	    0	    1	    0	    0	    0	    0	    0	    0	    0	    0	    1	    0	    0	    1	    0	    0	
    1	    1	    1	    0	    0	    0	    0	    1	    0	    0	    1	    1	    0	    1	    0	    1	    1	    1	    1	    1	    0	    1	    1	    0	    0	
    0	    1	    1	    1	    0	    0	    0	    0	    1	    0	    0	    0	    0	    0	    0	    0	    1	    0	    0	    0	    0	    0	    0	    0	    0	
    1	    1	    1	    1	    1	    1	    1	    1	    1	    1	    1	    1	    1	    1	    1	    1	    1	    1	    1	    1	    1	    1	    1	    1	    1	
    0	    0	    0	    0	    0	    0	    0	    0	    0	    0	    0	    0	    0	    0	    1	    0	    0	    0	    1	    1	    0	    1	    0	    0	    0	
    1	    0	    0	    1	    0	    1	    1	    0	    0	    0	    0	    0	    0	    1	    0	    0	    0	    0	    0	    0	    0	    0	    0	    0	    0	
    0	    1	    0	    0	    1	    0	    1	    0	    0	    0	    0	    0	    0	    0	    0	    0	    0	    0	    0	    1	    1	    0	    0	    0	    0	
    1	    1	    1	    1	    1	    1	    1	    1	    1	    0	    1	    0	    0	    0	    1	    1	    1	    1	    1	    1	    1	    0	    1	    1	    1	
    1	    1	    0	    1	    1	    0	    0	    1	    1	    0	    0	    1	    1	    1	    0	    1	    0	    1	    1	    0	    0	    1	    1	    1	    0	
    0	    0	    0	    0	    0	    0	    0	    1	    0	    0	    0	    0	    0	    0	    0	    1	    0	    0	    0	    0	    1	    0	    0	    0	    0	
    0	    0	    1	    0	    0	    0	    0	    0	    0	    1	    1	    0	    0	    0	    0	    0	    1	    1	    1	    0	    1	    0	    0	    0	    0	
    0	    0	    0	    0	    0	    1	    0	    0	    0	    0	    0	    0	    0	    0	    0	    0	    0	    0	    0	    0	    0	    0	    0	    0	    0	
    1	    1	    1	    1	    1	    1	    1	    1	    1	    0	    1	    1	    1	    0	    1	    1	    0	    0	    1	    1	    1	    1	    0	    1	    0	
    0	    0	    0	    0	    0	    0	    0	    0	    0	    1	    0	    1	    0	    0	    0	    0	    0	    0	    0	    0	    0	    0	    1	    0	    1	
    1	    1	    1	    0	    1	    1	    1	    1	    1	    1	    1	    0	    1	    1	    1	    0	    0	    1	    1	    1	    1	    1	    1	    1	    1	
    0	    1	    1	    0	    0	    0	    0	    1	    1	    0	    1	    0	    0	    0	    0	    1	    0	    1	    0	    0	    0	    0	    1	    0	    0	
    1	    1	    1	    0	    1	    1	    0	    0	    0	    1	    1	    1	    1	    1	    1	    0	    0	    1	    1	    1	    0	    1	    1	    1	    1	
    1	    0	    1	    0	    0	    1	    1	    1	    0	    1	    1	    0	    0	    0	    0	    0	    1	    1	    0	    1	    0	    0	    0	    0	    1	
    0	    1	    0	    1	    1	    1	    0	    0	    1	    1	    0	    0	    1	    0	    1	    0	    0	    1	    1	    0	    0	    0	    0	    0	    0	
    0	    0	    0	    0	    0	    1	    0	    1	    0	    0	    0	    1	    0	    1	    0	    0	    0	    0	    1	    1	    1	    0	    0	    1	    0	
    1	    0	    0	    0	    1	    1	    1	    0	    1	    0	    1	    0	    0	    0	    0	    0	    0	    0	    0	    0	    1	    0	    0	    0	    0	
    1	    1	    0	    0	    0	    1	    1	    1	    1	    1	    0	    0	    0	    0	    1	    1	    1	    1	    0	    1	    1	    1	    0	    0	    1	
    0	    0	    0	    0	    1	    0	    1	    1	    0	    0	    1	    0	    0	    1	    0	    0	    0	    1	    1	    1	    1	    1	    1	    0	    0	
    0	    1	    1	    1	    0	    1	    0	    0	    0	    0	    0	    0	    0	    0	    0	    0	    0	    0	    1	    0	    0	    1	    0	    0	    0	
    0	    0	    1	    1	    0	    1	    1	    1	    0	    1	    1	    0	    0	    0	    0	    0	    0	    0	    0	    0	    1	    0	    0	    0	    0	
    0	    1	    1	    1	    1	    0	    0	    1	    1	    0	    1	    0	    1	    1	    1	    1	    1	    1	    0	    0	    1	    1	    1	    1	    1	
    0	    1	    1	    1	    0	    1	    1	    0	    0	    1	    1	    1	    0	    1	    1	    1	    1	    1	    1	    1	    1	    1	    1	    1	    1	
    1	    1	    0	    0	    0	    0	    0	    1	    1	    1	    1	    1	    1	    1	    0	    1	    1	    0	    1	    0	    0	    1	    1	    0	    1	
    1	    0	    1	    1	    1	    1	    0	    1	    1	    0	    0	    1	    1	    1	    0	    0	    1	    1	    0	    1	    0	    0	    1	    0	    0	
    1	    1	    0	    1	    1	    1	    1	    1	    1	    1	    1	    1	    1	    1	    1	    1	    1	    1	    1	    1	    1	    1	    1	    1	    1	
    1	    1	    1	    1	    1	    1	    1	    1	    1	    0	    1	    1	    1	    1	    0	    1	    1	    0	    1	    1	    0	    1	    1	    0	    0	
    1	    1	    1	    1	    1	    1	    1	    1	    1	    1	    1	    1	    1	    1	    1	    0	    0	    1	    1	    1	    1	    0	    1	    1	    1	
    0	    1	    1	    0	    0	    0	    0	    0	    0	    1	    0	    0	    1	    0	    0	    0	    0	    0	    0	    0	    0	    1	    0	    0	    0	
    1	    1	    0	    1	    0	    0	    0	    1	    1	    1	    1	    1	    1	    1	    0	    0	    1	    1	    1	    1	    1	    0	    1	    1	    1	
    0	    1	    0	    0	    1	    1	    1	    0	    0	    0	    0	    1	    1	    1	    1	    1	    0	    1	    1	    1	    0	    1	    1	    0	    1	
    0	    0	    0	    0	    0	    0	    0	    0	    0	    0	    0	    0	    0	    0	    0	    0	    1	    0	    0	    0	    0	    1	    0	    0	    0	
    1	    0	    0	    1	    1	    1	    0	    1	    0	    0	    1	    0	    0	    0	    0	    1	    0	    0	    1	    0	    0	    0	    0	    0	    1	
    1	    0	    1	    1	    1	    1	    1	    0	    0	    1	    1	    1	    1	    1	    0	    1	    1	    1	    0	    1	    1	    1	    1	    1	    1	
    0	    0	    0	    0	    0	    0	    0	    1	    1	    1	    1	    0	    1	    1	    1	    1	    0	    1	    0	    1	    1	    0	    1	    1	    0	
    0	    0	    0	    0	    0	    0	    0	    0	    0	    1	    0	    0	    0	    0	    0	    0	    0	    0	    0	    0	    0	    0	    0	    0	    0	
    1	    1	    1	    0	    0	    1	    1	    1	    1	    0	    0	    1	    1	    1	    1	    1	    1	    1	    1	    1	    1	    0	    1	    1	    0	
    1	    1	    0	    1	    1	    1	    1	    1	    1	    1	    1	    1	    1	    1	    0	    0	    1	    1	    1	    1	    1	    0	    1	    1	    1	
    1	    1	    1	    1	    1	    1	    1	    1	    1	    1	    1	    1	    1	    1	    1	    1	    1	    1	    1	    1	    0	    1	    1	    0	    1	
    0	    0	    0	    0	    0	    1	    0	    0	    0	    0	    0	    0	    0	    0	    0	    0	    0	    0	    0	    0	    0	    0	    0	    0	    0	
    1	    0	    1	    1	    1	    1	    1	    1	    1	    1	    1	    1	    1	    0	    1	    1	    1	    1	    1	    1	    1	    1	    1	    1	    1	
    0	    0	    0	    0	    0	    0	    0	    1	    1	    0	    1	    1	    1	    0	    1	    0	    0	    0	    0	    0	    0	    1	    1	    0	    1	
    0	    0	    0	    0	    0	    1	    1	    0	    0	    1	    0	    0	    1	    0	    0	    0	    0	    1	    1	    0	    0	    0	    0	    0	    1	
    1	    1	    1	    0	    1	    1	    0	    1	    1	    1	    1	    1	    1	    1	    1	    1	    1	    0	    1	    1	    1	    1	    1	    0	    1	
    0	    0	    0	    0	    0	    0	    0	    0	    0	    0	    0	    0	    0	    0	    0	    0	    1	    0	    0	    1	    0	    1	    0	    1	    1	
    0	    0	    0	    1	    0	    0	    0	    1	    1	    1	    0	    0	    1	    0	    0	    0	    1	    0	    0	    0	    0	    1	    0	    1	    1	
    0	    0	    0	    0	    1	    0	    0	    0	    0	    0	    0	    0	    0	    0	    0	    1	    0	    0	    0	    0	    0	    0	    0	    0	    1	
    0	    0	    1	    0	    0	    1	    1	    0	    1	    1	    0	    1	    0	    1	    1	    1	    1	    1	    0	    1	    1	    0	    1	    0	    0	
    1	    0	    1	    1	    1	    0	    1	    1	    1	    1	    0	    0	    1	    0	    0	    0	    1	    0	    0	    1	    0	    1	    0	    1	    0	
    0	    1	    0	    0	    0	    0	    1	    0	    1	    1	    1	    1	    0	    1	    0	    0	    1	    0	    0	    1	    0	    1	    1	    0	    1	
    0	    0	    0	    0	    0	    0	    0	    0	    0	    1	    0	    0	    1	    0	    0	    0	    0	    0	    1	    1	    0	    0	    0	    0	    0	
    0	    0	    0	    1	    0	    0	    0	    0	    0	    0	    0	    0	    0	    0	    0	    0	    0	    0	    0	    0	    0	    0	    0	    0	    0	
    1	    0	    1	    0	    0	    1	    1	    0	    1	    1	    1	    1	    0	    0	    0	    0	    1	    1	    1	    1	    1	    0	    1	    1	    1	
    1	    0	    1	    1	    1	    1	    0	    1	    1	    1	    1	    1	    0	    1	    1	    0	    1	    0	    1	    1	    1	    1	    1	    0	    1	
    0	    0	    0	    0	    0	    0	    0	    0	    0	    1	    0	    0	    0	    1	    1	    0	    1	    1	    1	    0	    0	    0	    0	    0	    0	
    1	    0	    1	    0	    0	    1	    0	    0	    0	    1	    1	    1	    1	    1	    1	    1	    0	    0	    0	    1	    0	    1	    0	    1	    1	
    0	    0	    1	    1	    0	    0	    1	    1	    1	    0	    0	    0	    0	    0	    0	    1	    0	    1	    0	    0	    1	    0	    0	    1	    0	
    0	    0	    0	    0	    0	    1	    0	    0	    0	    0	    0	    0	    0	    0	    1	    0	    0	    0	    0	    0	    0	    0	    0	    0	    0	
    0	    0	    0	    1	    1	    0	    1	    0	    0	    1	    0	    0	    0	    1	    1	    0	    0	    0	    0	    0	    1	    0	    0	    0	    0	
    0	    0	    0	    1	    0	    0	    0	    0	    0	    0	    0	    0	    0	    1	    0	    0	    1	    0	    0	    0	    0	    0	    0	    0	    1	
    0	    0	    0	    0	    0	    0	    0	    0	    0	    0	    0	    0	    0	    0	    1	    1	    0	    0	    0	    0	    0	    0	    0	    0	    0	
    0	    1	    0	    0	    0	    0	    0	    0	    0	    0	    1	    0	    0	    0	    1	    1	    0	    0	    0	    0	    0	    0	    0	    1	    0	
    0	    1	    1	    0	    1	    1	    0	    0	    0	    0	    0	    0	    0	    0	    0	    0	    1	    0	    1	    1	    0	    0	    1	    0	    0	
    1	    1	    0	    0	    0	    1	    1	    1	    1	    1	    1	    0	    0	    0	    1	    1	    1	    1	    0	    0	    1	    1	    1	    1	    1	
    0	    1	    1	    0	    1	    0	    0	    0	    1	    1	    1	    0	    1	    0	    0	    1	    0	    0	    0	    0	    1	    0	    1	    1	    1	
    0	    1	    1	    1	    1	    1	    1	    1	    1	    1	    0	    1	    1	    1	    1	    1	    1	    1	    1	    1	    1	    1	    1	    1	    1	
    0	    1	    1	    1	    0	    0	    0	    0	    0	    0	    0	    0	    0	    0	    0	    0	    0	    0	    0	    0	    1	    1	    1	    0	    0	
    1	    1	    1	    1	    1	    1	    0	    1	    0	    1	    1	    1	    0	    1	    0	    0	    1	    0	    1	    1	    1	    0	    1	    1	    0	
    1	    1	    0	    1	    1	    1	    1	    1	    1	    0	    1	    1	    1	    1	    1	    1	    1	    1	    1	    1	    0	    1	    1	    1	    0	
    1	    1	    0	    0	    1	    1	    1	    1	    1	    0	    1	    1	    1	    0	    1	    1	    1	    1	    1	    1	    0	    1	    1	    0	    0	
    1	    1	    0	    0	    1	    1	    1	    1	    1	    0	    0	    1	    1	    1	    1	    1	    1	    1	    1	    1	    0	    0	    1	    1	    0	
    0	    0	    0	    0	    1	    0	    0	    0	    0	    1	    0	    1	    0	    1	    0	    0	    1	    0	    1	    0	    0	    0	    0	    0	    0	
    0	    0	    0	    0	    1	    0	    0	    0	    0	    0	    0	    0	    1	    0	    0	    0	    0	    0	    0	    0	    0	    0	    0	    1	    0	
    0	    1	    1	    0	    1	    1	    1	    0	    1	    1	    1	    1	    1	    1	    1	    1	    0	    1	    1	    1	    1	    1	    1	    0	    1	
    0	    0	    0	    0	    0	    0	    0	    1	    0	    0	    0	    0	    0	    1	    0	    0	    1	    0	    1	    0	    1	    1	    1	    0	    0	
    0	    0	    0	    0	    0	    0	    0	    0	    0	    0	    0	    0	    1	    0	    0	    0	    0	    1	    0	    0	    0	    0	    0	    1	    0	
    0	    0	    0	    0	    0	    0	    0	    0	    0	    0	    0	    0	    0	    0	    0	    0	    0	    1	    0	    0	    0	    0	    0	    0	    0	
    1	    1	    1	    1	    1	    1	    0	    1	    0	    1	    1	    0	    1	    1	    0	    0	    1	    1	    1	    1	    1	    1	    1	    1	    1	
    1	    1	    1	    1	    1	    1	    1	    1	    1	    1	    1	    1	    1	    1	    1	    1	    1	    1	    1	    1	    1	    1	    1	    1	    1	
    1	    1	    0	    0	    0	    0	    0	    0	    0	    1	    0	    1	    1	    1	    0	    0	    1	    0	    1	    0	    0	    0	    1	    0	    1	
    0	    0	    1	    0	    1	    0	    0	    0	    0	    0	    1	    0	    0	    1	    1	    0	    0	    0	    0	    0	    0	    1	    0	    0	    0	
    1	    1	    1	    1	    1	    0	    1	    1	    0	    1	    1	    1	    1	    0	    1	    0	    1	    0	    1	    1	    0	    0	    1	    1	    1	
    1	    0	    0	    0	    0	    0	    0	    0	    1	    1	    1	    0	    1	    0	    0	    0	    0	    0	    0	    0	    0	    1	    0	    1	    0	
    1	    0	    0	    0	    0	    0	    0	    0	    0	    0	    0	    1	    1	    0	    0	    0	    0	    0	    0	    0	    0	    0	    1	    0	    0	
    0	    0	    0	    0	    0	    0	    0	    0	    0	    0	    0	    0	    0	    0	    0	    0	    0	    0	    0	    1	    0	    0	    0	    0	    0	
    0	    0	    1	    1	    1	    1	    1	    0	    0	    1	    1	    0	    1	    0	    1	    0	    1	    1	    1	    0	    1	    0	    0	    0	    1	
    1	    1	    1	    1	    1	    1	    1	    1	    1	    1	    0	    1	    1	    1	    0	    1	    1	    1	    1	    0	    0	    1	    1	    1	    1	
    1	    1	    1	    1	    1	    0	    0	    1	    1	    0	    1	    1	    1	    0	    1	    1	    1	    1	    1	    1	    0	    1	    1	    1	    1	
    1	    1	    0	    0	    0	    0	    0	    0	    0	    0	    1	    0	    0	    0	    0	    0	    0	    0	    1	    1	    0	    0	    0	    1	    0	
    0	    0	    0	    0	    0	    0	    0	    0	    0	    0	    0	    0	    0	    0	    0	    0	    0	    1	    0	    0	    0	    0	    0	    0	    0	
    1	    0	    0	    1	    1	    1	    1	    0	    1	    1	    1	    1	    0	    0	    0	    1	    0	    1	    1	    1	    1	    0	    1	    1	    1	
    0	    0	    0	    1	    0	    0	    0	    1	    0	    0	    0	    0	    0	    1	    1	    1	    1	    1	    1	    1	    0	    1	    1	    1	    1	
    0	    1	    1	    0	    0	    0	    0	    0	    1	    0	    1	    1	    0	    0	    0	    1	    1	    0	    0	    0	    1	    0	    0	    0	    0	
    1	    0	    1	    1	    1	    1	    1	    1	    1	    1	    1	    1	    1	    1	    0	    1	    1	    1	    1	    1	    1	    0	    1	    1	    1	
    0	    0	    0	    0	    1	    0	    0	    0	    0	    0	    0	    1	    1	    0	    0	    0	    0	    0	    0	    0	    0	    0	    0	    0	    0	
    0	    1	    1	    0	    0	    1	    0	    0	    0	    0	    1	    0	    0	    0	    1	    0	    0	    0	    0	    0	    0	    0	    0	    0	    0	
    0	    0	    1	    1	    0	    1	    0	    0	    1	    0	    0	    0	    0	    1	    1	    1	    1	    0	    1	    1	    0	    0	    0	    1	    0	
    0	    0	    1	    0	    0	    0	    1	    0	    0	    0	    1	    0	    0	    1	    1	    1	    0	    0	    1	    0	    1	    0	    0	    0	    0	
    1	    0	    0	    0	    0	    0	    0	    0	    1	    0	    1	    0	    0	    0	    0	    1	    0	    0	    1	    0	    0	    0	    1	    0	    0	
    0	    0	    1	    1	    1	    0	    1	    1	    1	    0	    0	    1	    1	    1	    1	    0	    0	    0	    0	    1	    1	    0	    0	    0	    0	
    1	    1	    1	    1	    1	    1	    1	    1	    1	    1	    1	    1	    1	    1	    1	    1	    1	    1	    1	    1	    1	    1	    1	    1	    1	
    1	    1	    1	    1	    1	    1	    1	    1	    1	    1	    1	    1	    1	    1	    1	    1	    1	    1	    1	    1	    1	    1	    1	    1	    0	
    0	    1	    1	    1	    0	    0	    1	    0	    1	    1	    0	    0	    0	    1	    1	    1	    0	    1	    0	    0	    0	    1	    0	    1	    0	
    1	    1	    1	    1	    1	    1	    1	    1	    1	    1	    1	    1	    1	    1	    1	    1	    1	    1	    1	    1	    1	    1	    1	    1	    1	
    1	    1	    1	    1	    1	    1	    1	    1	    1	    1	    1	    1	    1	    1	    1	    1	    1	    1	    1	    1	    1	    1	    0	    1	    1	
    1	    1	    1	    0	    1	    0	    1	    0	    0	    1	    1	    1	    0	    0	    1	    0	    0	    0	    1	    1	    0	    1	    1	    1	    0	
    0	    0	    0	    0	    0	    0	    0	    0	    0	    0	    0	    0	    0	    0	    0	    1	    0	    0	    0	    0	    0	    0	    0	    0	    1	
    1	    1	    1	    1	    1	    1	    1	    1	    1	    1	    1	    1	    0	    1	    1	    1	    1	    1	    1	    0	    1	    1	    1	    1	    1	
    0	    0	    1	    1	    1	    0	    1	    1	    0	    0	    0	    1	    0	    1	    1	    0	    1	    1	    0	    0	    0	    1	    0	    0	    0	
    0	    1	    0	    1	    1	    0	    1	    0	    0	    1	    1	    1	    1	    1	    1	    0	    1	    1	    1	    0	    0	    0	    1	    0	    0	
    0	    1	    0	    0	    1	    1	    0	    1	    0	    1	    0	    0	    0	    0	    0	    0	    0	    0	    0	    1	    0	    0	    0	    1	    0	
    1	    0	    1	    1	    0	    0	    0	    0	    0	    1	    0	    0	    0	    1	    1	    0	    0	    0	    1	    0	    0	    0	    1	    1	    1	
    0	    0	    0	    0	    0	    1	    1	    1	    1	    0	    1	    1	    1	    0	    0	    0	    1	    0	    0	    0	    0	    1	    0	    0	    1	
    0	    1	    0	    0	    0	    0	    1	    1	    0	    0	    0	    1	    0	    1	    0	    0	    0	    1	    1	    1	    0	    0	    1	    1	    0	
    0	    0	    0	    0	    0	    0	    0	    0	    1	    0	    0	    0	    0	    0	    0	    0	    1	    0	    0	    0	    0	    0	    0	    0	    0	
    1	    1	    1	    1	    1	    1	    1	    1	    1	    1	    1	    1	    1	    1	    1	    1	    1	    1	    1	    1	    1	    1	    1	    1	    1	
    0	    0	    0	    1	    1	    0	    1	    0	    0	    1	    0	    1	    0	    0	    0	    1	    0	    1	    0	    1	    1	    0	    0	    0	    1	
    1	    1	    0	    1	    0	    1	    1	    1	    1	    0	    1	    0	    1	    1	    1	    1	    1	    0	    1	    1	    0	    0	    1	    1	    1	
    1	    1	    1	    1	    1	    0	    1	    1	    1	    1	    1	    1	    0	    1	    1	    1	    1	    0	    1	    1	    1	    0	    1	    1	    1	
    1	    0	    0	    0	    0	    0	    0	    0	    1	    0	    0	    0	    0	    0	    1	    0	    0	    1	    0	    1	    0	    1	    0	    0	    0	
    1	    1	    1	    1	    1	    1	    1	    1	    0	    1	    1	    0	    1	    1	    0	    0	    0	    1	    1	    1	    0	    1	    0	    1	    1	
    0	    0	    1	    1	    1	    1	    1	    1	    1	    1	    1	    0	    1	    1	    0	    1	    1	    0	    1	    1	    1	    1	    0	    1	    1	
    0	    0	    0	    0	    0	    0	    0	    1	    0	    0	    0	    0	    0	    0	    0	    1	    1	    0	    0	    0	    1	    0	    0	    0	    1	
    1	    0	    1	    1	    1	    1	    1	    0	    0	    1	    0	    1	    1	    1	    0	    0	    1	    1	    1	    1	    0	    1	    1	    0	    0	
    1	    1	    1	    1	    1	    0	    1	    1	    1	    1	    1	    0	    1	    1	    0	    1	    1	    1	    1	    1	    0	    1	    1	    0	    1	
    1	    1	    0	    1	    0	    1	    1	    0	    1	    0	    0	    1	    1	    1	    0	    0	    0	    0	    0	    1	    0	    1	    1	    1	    1	
    0	    0	    0	    0	    0	    0	    1	    0	    1	    1	    0	    1	    1	    1	    0	    1	    0	    1	    0	    0	    1	    1	    0	    1	    1	
    1	    1	    1	    1	    1	    1	    1	    1	    1	    1	    1	    1	    1	    1	    1	    1	    1	    1	    1	    1	    1	    1	    1	    1	    1	
    1	    1	    0	    1	    0	    1	    0	    0	    1	    0	    1	    0	    1	    0	    0	    1	    0	    0	    1	    1	    1	    0	    0	    1	    1	
    0	    1	    1	    0	    1	    1	    1	    1	    1	    1	    1	    1	    1	    1	    1	    0	    1	    0	    1	    1	    1	    1	    0	    1	    0	
    1	    1	    0	    1	    0	    0	    0	    0	    1	    1	    1	    1	    0	    0	    1	    0	    0	    0	    1	    0	    0	    1	    1	    1	    1	
    0	    1	    1	    1	    1	    0	    1	    1	    1	    1	    1	    1	    0	    0	    0	    1	    0	    1	    1	    1	    1	    1	    1	    0	    0	
    1	    1	    0	    1	    1	    1	    0	    1	    1	    0	    1	    0	    1	    1	    0	    1	    1	    1	    0	    1	    1	    0	    1	    1	    0	
    0	    0	    1	    0	    0	    1	    1	    0	    0	    0	    0	    0	    0	    1	    0	    0	    1	    1	    0	    1	    1	    1	    1	    1	    1	
    1	    1	    1	    1	    0	    1	    1	    0	    0	    1	    1	    1	    0	    1	    0	    1	    0	    0	    0	    1	    0	    0	    1	    1	    1	
    0	    0	    0	    0	    0	    0	    0	    0	    0	    0	    0	    0	    0	    0	    0	    0	    0	    1	    0	    0	    0	    0	    0	    0	    0	
    0	    0	    1	    1	    1	    0	    0	    0	    0	    0	    1	    0	    0	    0	    0	    0	    0	    0	    0	    1	    0	    0	    0	    1	    1	
    1	    1	    1	    1	    0	    1	    0	    1	    1	    0	    1	    0	    1	    0	    1	    0	    0	    0	    1	    0	    0	    1	    0	    1	    1	
    0	    1	    1	    1	    1	    1	    1	    1	    1	    0	    1	    1	    0	    0	    1	    1	    1	    1	    1	    1	    1	    1	    1	    1	    1	
    1	    1	    1	    1	    1	    1	    1	    1	    1	    1	    1	    1	    1	    1	    1	    1	    1	    1	    1	    0	    0	    0	    1	    1	    0	
    1	    0	    0	    0	    0	    0	    0	    0	    0	    0	    0	    0	    0	    0	    0	    0	    0	    0	    0	    0	    0	    0	    0	    0	    0	
    0	    1	    0	    0	    0	    0	    0	    0	    0	    0	    0	    0	    0	    0	    0	    0	    0	    0	    0	    0	    0	    0	    0	    0	    0	
    0	    0	    1	    0	    0	    0	    0	    0	    0	    0	    0	    0	    0	    0	    0	    0	    0	    0	    0	    0	    0	    0	    0	    0	    0	
    0	    0	    0	    1	    0	    0	    0	    0	    0	    0	    0	    0	    0	    0	    0	    0	    0	    0	    0	    0	    0	    0	    0	    0	    0	
    0	    0	    0	    0	    1	    0	    0	    0	    0	    0	    0	    0	    0	    0	    0	    0	    0	    0	    0	    0	    0	    0	    0	    0	    0	
    0	    0	    0	    0	    0	    1	    0	    0	    0	    0	    0	    0	    0	    0	    0	    0	    0	    0	    0	    0	    0	    0	    0	    0	    0	
    0	    0	    0	    0	    0	    0	    1	    0	    0	    0	    0	    0	    0	    0	    0	    0	    0	    0	    0	    0	    0	    0	    0	    0	    0	
    0	    0	    0	    0	    0	    0	    0	    1	    0	    0	    0	    0	    0	    0	    0	    0	    0	    0	    0	    0	    0	    0	    0	    0	    0	
    0	    0	    0	    0	    0	    0	    0	    0	    1	    0	    0	    0	    0	    0	    0	    0	    0	    0	    0	    0	    0	    0	    0	    0	    0	
    0	    0	    0	    0	    0	    0	    0	    0	    0	    1	    0	    0	    0	    0	    0	    0	    0	    0	    0	    0	    0	    0	    0	    0	    0	
    0	    0	    0	    0	    0	    0	    0	    0	    0	    0	    1	    0	    0	    0	    0	    0	    0	    0	    0	    0	    0	    0	    0	    0	    0	
    0	    0	    0	    0	    0	    0	    0	    0	    0	    0	    0	    1	    0	    0	    0	    0	    0	    0	    0	    0	    0	    0	    0	    0	    0	
    0	    0	    0	    0	    0	    0	    0	    0	    0	    0	    0	    0	    1	    0	    0	    0	    0	    0	    0	    0	    0	    0	    0	    0	    0	
    0	    0	    0	    0	    0	    0	    0	    0	    0	    0	    0	    0	    0	    1	    0	    0	    0	    0	    0	    0	    0	    0	    0	    0	    0	
    0	    0	    0	    0	    0	    0	    0	    0	    0	    0	    0	    0	    0	    0	    1	    0	    0	    0	    0	    0	    0	    0	    0	    0	    0	
    0	    0	    0	    0	    0	    0	    0	    0	    0	    0	    0	    0	    0	    0	    0	    1	    0	    0	    0	    0	    0	    0	    0	    0	    0	
    0	    0	    0	    0	    0	    0	    0	    0	    0	    0	    0	    0	    0	    0	    0	    0	    1	    0	    0	    0	    0	    0	    0	    0	    0	
    0	    0	    0	    0	    0	    0	    0	    0	    0	    0	    0	    0	    0	    0	    0	    0	    0	    1	    0	    0	    0	    0	    0	    0	    0	
    0	    0	    0	    0	    0	    0	    0	    0	    0	    0	    0	    0	    0	    0	    0	    0	    0	    0	    1	    0	    0	    0	    0	    0	    0	
    0	    0	    0	    0	    0	    0	    0	    0	    0	    0	    0	    0	    0	    0	    0	    0	    0	    0	    0	    1	    0	    0	    0	    0	    0	
    0	    0	    0	    0	    0	    0	    0	    0	    0	    0	    0	    0	    0	    0	    0	    0	    0	    0	    0	    0	    1	    0	    0	    0	    0	
    0	    0	    0	    0	    0	    0	    0	    0	    0	    0	    0	    0	    0	    0	    0	    0	    0	    0	    0	    0	    0	    1	    0	    0	    0	
    0	    0	    0	    0	    0	    0	    0	    0	    0	    0	    0	    0	    0	    0	    0	    0	    0	    0	    0	    0	    0	    0	    1	    0	    0	
    0	    0	    0	    0	    0	    0	    0	    0	    0	    0	    0	    0	    0	    0	    0	    0	    0	    0	    0	    0	    0	    0	    0	    1	    0	
    0	    0	    0	    0	    0	    0	    0	    0	    0	    0	    0	    0	    0	    0	    0	    0	    0	    0	    0	    0	    0	    0	    0	    0	    1	


0	45	100	110	65	40	55	40	75	110	115	80	65	30	80	65	60	120	45	95	90	40	120	105	45	80	95	45	55	50	60	90	95	60	70	90	105	55	80	80	60	90	55	110	70	70	115	45	90	115	65	100	55	40	80	55	55	50	120	120	100	105	40	120	100	55	55	40	75	55	75	70	120	120	65	100	110	90	115	75	85	105	115	50	85	85	45	115	30	60	120	105	60	95	100	115	35	105	110	65	50	30	95	90	55	55	120	85	50	65	70	100	90	75	65	50	95	85	120	85	110	70	70	70	35	35	70	70	70	35	40	60	105	30	95	65	120	50	50	40	65	30	95	65	85	35	80	115	30	30	50	60	60	60	60	60	60	60	60	60	60	60	60	60	60	60	60	60	60	60	60	60	60	60	60	60	
0	450	645	665	730	580	710	445	575	460	725	450	520	540	460	685	655	470	730	615	705	660	480	490	450	685	615	765	635	675	745	465	540	680	605	480	665	690	475	565	465	725	595	720	750	450	595	485	750	675	605	630	580	520	605	755	740	800	580	520	685	570	700	565	445	485	680	775	565	445	640	705	550	570	590	695	530	515	570	665	500	475	690	535	585	590	650	455	570	645	565	660	465	710	480	595	635	490	550	655	710	630	480	525	605	575	510	600	585	585	710	540	470	700	660	685	535	510	640	460	645	575	470	665	480	450	680	635	495	460	800	715	555	480	485	595	615	740	615	585	725	470	585	725	640	480	500	605	595	625	695	600	870	690	810	690	750	660	900	810	690	810	780	630	900	750	690	810	630	900	810	840	810	840	870	900	
1440	875	1125	1155	1175	1010	1130	895	1030	935	1240	910	1005	930	900	1110	1125	975	1135	1110	1190	1115	1015	970	915	1160	1075	1230	1085	1095	1180	955	1055	1145	1090	930	1155	1125	965	1050	945	1195	1010	1240	1230	905	1095	900	1230	1175	1065	1105	1045	955	1080	1205	1160	1215	1075	1030	1160	1060	1105	1055	925	900	1120	1205	1005	915	1110	1145	1030	1090	1025	1185	1045	980	1075	1160	975	965	1180	970	1070	1035	1110	975	1000	1065	1095	1185	910	1205	985	1120	1060	1005	1075	1105	1175	1070	950	1000	1030	995	995	1095	1015	1015	1195	1045	975	1185	1110	1125	1045	960	1150	945	1150	1040	955	1145	875	855	1110	1070	950	895	1240	1170	1080	910	985	1080	1110	1185	1085	1035	1205	900	1095	1200	1145	935	955	1125	1030	1035	1155	780	1050	870	990	870	930	840	1080	990	870	990	960	810	1080	930	870	990	810	1080	990	1020	990	1020	1050	1080	


420	690	510	630	510	570	480	720	630	510	630	600	450	720	570	510	630	450	720	630	660	630	660	690	720	
960	1230	1050	1170	1050	1110	1020	1260	1170	1050	1170	1140	990	1260	1110	1050	1170	990	1260	1170	1200	1170	1200	1230	1260	


1337
13500


 40.000000	 50.000000 
 45.000000	 68.000000 
 45.000000	 70.000000 
 42.000000	 66.000000 
 42.000000	 68.000000 
 42.000000	 65.000000 
 40.000000	 69.000000 
 40.000000	 66.000000 
 38.000000	 68.000000 
 38.000000	 70.000000 
 35.000000	 66.000000 
 35.000000	 69.000000 
 25.000000	 85.000000 
 22.000000	 75.000000 
 22.000000	 85.000000 
 20.000000	 80.000000 
 20.000000	 85.000000 
 18.000000	 75.000000 
 15.000000	 75.000000 
 15.000000	 80.000000 
 30.000000	 50.000000 
 30.000000	 52.000000 
 28.000000	 52.000000 
 28.000000	 55.000000 
 25.000000	 50.000000 
 25.000000	 52.000000 
 25.000000	 55.000000 
 23.000000	 52.000000 
 23.000000	 55.000000 
 20.000000	 50.000000 
 20.000000	 55.000000 
 10.000000	 35.000000 
 10.000000	 40.000000 
  8.000000	 40.000000 
  8.000000	 45.000000 
  5.000000	 35.000000 
  5.000000	 45.000000 
  2.000000	 40.000000 
  0.000000	 40.000000 
  0.000000	 45.000000 
 35.000000	 30.000000 
 35.000000	 32.000000 
 33.000000	 32.000000 
 33.000000	 35.000000 
 32.000000	 30.000000 
 30.000000	 30.000000 
 30.000000	 32.000000 
 30.000000	 35.000000 
 28.000000	 30.000000 
 28.000000	 35.000000 
 26.000000	 32.000000 
 25.000000	 30.000000 
 25.000000	 35.000000 
 44.000000	  5.000000 
 42.000000	 10.000000 
 42.000000	 15.000000 
 40.000000	  5.000000 
 40.000000	 15.000000 
 38.000000	  5.000000 
 38.000000	 15.000000 
 35.000000	  5.000000 
 50.000000	 30.000000 
 50.000000	 35.000000 
 50.000000	 40.000000 
 48.000000	 30.000000 
 48.000000	 40.000000 
 47.000000	 35.000000 
 47.000000	 40.000000 
 45.000000	 30.000000 
 45.000000	 35.000000 
 95.000000	 30.000000 
 95.000000	 35.000000 
 53.000000	 30.000000 
 92.000000	 30.000000 
 53.000000	 35.000000 
 45.000000	 65.000000 
 90.000000	 35.000000 
 88.000000	 30.000000 
 88.000000	 35.000000 
 87.000000	 30.000000 
 85.000000	 25.000000 
 85.000000	 35.000000 
 75.000000	 55.000000 
 72.000000	 55.000000 
 70.000000	 58.000000 
 68.000000	 60.000000 
 66.000000	 55.000000 
 65.000000	 55.000000 
 65.000000	 60.000000 
 63.000000	 58.000000 
 60.000000	 55.000000 
 60.000000	 60.000000 
 67.000000	 85.000000 
 65.000000	 85.000000 
 65.000000	 82.000000 
 62.000000	 80.000000 
 60.000000	 80.000000 
 60.000000	 85.000000 
 58.000000	 75.000000 
 55.000000	 80.000000 
 55.000000	 85.000000 
 45.000000	 68.000000 
 60.000000	 85.000000 
 28.000000	 52.000000 
 38.000000	  5.000000 
 40.000000	 66.000000 
  8.000000	 45.000000 
 92.000000	 30.000000 
 25.000000	 85.000000 
 85.000000	 35.000000 
 55.000000	 85.000000 
 23.000000	 55.000000 
 85.000000	 35.000000 
 20.000000	 55.000000 
 20.000000	 80.000000 
 60.000000	 80.000000 
 15.000000	 80.000000 
 25.000000	 85.000000 
 35.000000	  5.000000 
 47.000000	 40.000000 
 25.000000	 30.000000 
 40.000000	 69.000000 
  5.000000	 45.000000 
 45.000000	 65.000000 
 42.000000	 10.000000 
 25.000000	 52.000000 
 45.000000	 35.000000 
  2.000000	 40.000000 
 33.000000	 35.000000 
 45.000000	 35.000000 
 45.000000	 65.000000 
 65.000000	 82.000000 
  0.000000	 45.000000 
 90.000000	 35.000000 
 42.000000	 10.000000 
 35.000000	 66.000000 
 50.000000	 30.000000 
 20.000000	 80.000000 
 90.000000	 35.000000 
 53.000000	 30.000000 
 28.000000	 52.000000 
 35.000000	 69.000000 
 47.000000	 35.000000 
  0.000000	 45.000000 
 55.000000	 85.000000 
 88.000000	 35.000000 
  0.000000	 45.000000 
 25.000000	 30.000000 
 22.000000	 85.000000 
 45.000000	 65.000000 
 23.000000	 55.000000 
