
  150
   25


    0 
    6 
   10 
    9 
    2 
    7 
    1 
    9 
    4 
    2 
    5 
   10 
    8 
    5 
    4 
    5 
    8 
    1 
    2 
    8 
    7 
    6 
    4 
    9 
    4 
    7 
    6 
    7 
    6 
    8 
    5 
    4 
    2 
    1 
    7 
    2 
    1 
   10 
    4 
    4 
    7 
    9 
    3 
    9 
   10 
    9 
    8 
    7 
    5 
    8 
    3 
    4 
    2 
    2 
    1 
    8 
    2 
   10 
    4 
    8 
    8 
    5 
    8 
    5 
    4 
    8 
    9 
    7 
    8 
    5 
    4 
    6 
    8 
    1 
    6 
    7 
    2 
    3 
    9 
    5 
    5 
    2 
    3 
    4 
    9 
    2 
    4 
    1 
   10 
    1 
    9 
    8 
    6 
    6 
    9 
    1 
    6 
    4 
   10 
    9 
    1 
    7 
    7 
    4 
    4 
    3 
    1 
    3 
    6 
    8 
    7 
    7 
    6 
    5 
   10 
    3 
    5 
    5 
    8 
    7 
    6 
    1 
    4 
    3 
    9 
   10 
    5 
    9 
    5 
    1 
    2 
    9 
    2 
    1 
    9 
   10 
    6 
    9 
    3 
    1 
    9 
   10 
   10 
    9 
    2 
    2 
    8 
    3 
    6 
    2 
    4 
   10 
   10 
   10 
   10 
   10 
   10 
   10 
   10 
   10 
   10 
   10 
   10 
   10 
   10 
   10 
   10 
   10 
   10 
   10 
   10 
   10 
   10 
   10 
   10 
   10 

    0	    0	    0	    0	    0	    0	    0	    0	    0	    0	    0	    0	    0	    0	    0	    0	    0	    0	    0	    0	    0	    0	    0	    0	    0	
    1	    0	    1	    0	    1	    1	    1	    1	    1	    1	    1	    1	    1	    1	    1	    1	    1	    0	    1	    1	    1	    0	    1	    1	    1	
    0	    0	    1	    1	    1	    1	    0	    1	    0	    1	    1	    0	    0	    1	    1	    1	    1	    1	    0	    1	    0	    0	    1	    1	    0	
    1	    0	    1	    0	    0	    0	    1	    1	    0	    0	    1	    1	    0	    1	    1	    1	    0	    0	    0	    0	    1	    0	    1	    0	    1	
    0	    1	    1	    0	    0	    0	    0	    0	    0	    0	    0	    0	    0	    0	    0	    0	    0	    1	    0	    0	    1	    1	    0	    1	    0	
    0	    0	    1	    0	    1	    0	    1	    1	    1	    0	    1	    1	    1	    1	    1	    1	    1	    0	    1	    1	    1	    0	    1	    1	    1	
    0	    0	    0	    0	    0	    0	    1	    0	    1	    0	    0	    0	    0	    0	    1	    0	    1	    0	    1	    0	    0	    0	    0	    0	    0	
    0	    0	    1	    1	    0	    0	    1	    0	    1	    0	    0	    1	    0	    1	    1	    0	    1	    0	    0	    1	    0	    1	    1	    1	    0	
    1	    1	    1	    0	    0	    1	    1	    0	    0	    1	    1	    0	    0	    0	    1	    0	    1	    0	    0	    0	    1	    0	    0	    1	    0	
    0	    1	    1	    1	    0	    0	    1	    1	    0	    0	    1	    1	    0	    0	    0	    0	    0	    0	    0	    0	    1	    0	    1	    0	    0	
    1	    0	    1	    0	    1	    0	    0	    1	    1	    0	    0	    0	    0	    1	    0	    1	    0	    0	    0	    0	    1	    1	    1	    1	    1	
    0	    0	    1	    1	    0	    0	    0	    0	    0	    0	    0	    0	    1	    1	    0	    0	    0	    0	    0	    1	    0	    0	    0	    0	    0	
    0	    1	    0	    0	    1	    0	    0	    0	    1	    0	    0	    1	    1	    0	    0	    1	    1	    1	    1	    0	    0	    0	    0	    0	    1	
    0	    1	    0	    1	    1	    0	    1	    0	    1	    0	    1	    1	    1	    1	    1	    0	    0	    0	    1	    1	    1	    1	    0	    1	    0	
    0	    0	    0	    1	    0	    1	    0	    0	    1	    0	    0	    1	    0	    0	    0	    0	    0	    0	    0	    0	    0	    1	    0	    1	    0	
    0	    0	    0	    0	    0	    0	    0	    0	    1	    1	    0	    1	    0	    0	    0	    1	    0	    0	    0	    0	    0	    0	    1	    0	    0	
    1	    1	    0	    1	    0	    1	    0	    0	    0	    0	    0	    0	    0	    0	    0	    0	    1	    1	    0	    0	    0	    0	    1	    0	    0	
    0	    0	    0	    0	    0	    0	    0	    0	    1	    0	    0	    0	    0	    0	    0	    0	    0	    0	    0	    0	    0	    0	    0	    0	    0	
    1	    1	    1	    1	    1	    1	    1	    1	    1	    1	    1	    1	    1	    1	    1	    1	    1	    1	    1	    1	    1	    1	    1	    1	    1	
    1	    0	    1	    1	    1	    1	    1	    0	    0	    1	    1	    1	    0	    1	    0	    0	    1	    1	    1	    1	    1	    0	    1	    1	    1	
    0	    0	    0	    0	    0	    0	    0	    0	    0	    0	    0	    0	    0	    0	    1	    0	    0	    0	    0	    0	    0	    1	    1	    0	    0	
    1	    1	    1	    1	    1	    1	    1	    1	    1	    1	    1	    1	    1	    1	    1	    1	    1	    1	    1	    1	    1	    1	    1	    1	    1	
    1	    1	    1	    1	    1	    1	    1	    1	    1	    0	    1	    1	    1	    1	    1	    1	    1	    1	    1	    1	    1	    1	    1	    1	    1	
    0	    0	    1	    1	    0	    0	    0	    1	    1	    0	    0	    0	    0	    1	    0	    0	    1	    1	    0	    1	    0	    1	    0	    1	    0	
    1	    1	    0	    0	    0	    1	    0	    1	    0	    0	    0	    0	    0	    0	    0	    1	    1	    0	    0	    0	    0	    0	    0	    0	    0	
    0	    0	    0	    0	    0	    0	    0	    0	    0	    0	    0	    0	    0	    0	    0	    0	    0	    0	    0	    0	    0	    1	    0	    0	    0	
    0	    1	    1	    0	    1	    0	    0	    0	    0	    0	    0	    0	    0	    1	    0	    0	    0	    1	    0	    0	    0	    0	    0	    0	    0	
    0	    1	    0	    0	    0	    0	    1	    0	    0	    0	    1	    0	    0	    1	    0	    0	    0	    0	    0	    1	    0	    0	    0	    0	    0	
    1	    0	    1	    0	    1	    1	    1	    1	    0	    1	    1	    1	    1	    1	    1	    1	    1	    0	    0	    1	    1	    1	    1	    1	    1	
    1	    0	    0	    0	    0	    0	    0	    0	    0	    0	    0	    0	    0	    0	    0	    0	    1	    1	    1	    0	    0	    1	    0	    0	    0	
    1	    0	    1	    1	    1	    0	    0	    0	    1	    1	    1	    0	    1	    1	    1	    1	    0	    0	    1	    0	    1	    0	    1	    1	    1	
    0	    0	    0	    0	    0	    0	    0	    1	    0	    0	    0	    0	    0	    0	    0	    0	    0	    0	    0	    0	    0	    0	    1	    0	    0	
    0	    1	    0	    1	    1	    1	    1	    1	    1	    0	    0	    0	    1	    1	    1	    1	    0	    1	    0	    1	    0	    1	    0	    0	    0	
    1	    1	    1	    1	    1	    1	    1	    1	    1	    1	    1	    1	    1	    1	    1	    1	    1	    1	    1	    1	    1	    1	    1	    1	    1	
    0	    1	    1	    1	    1	    0	    1	    0	    1	    1	    0	    0	    1	    0	    0	    1	    1	    1	    1	    0	    0	    1	    0	    1	    1	
    1	    0	    1	    1	    0	    1	    0	    1	    0	    1	    0	    1	    1	    1	    0	    1	    0	    1	    0	    1	    1	    1	    1	    1	    1	
    1	    1	    1	    1	    1	    0	    0	    1	    1	    1	    1	    1	    1	    1	    1	    1	    1	    1	    1	    1	    1	    1	    1	    1	    1	
    1	    0	    0	    0	    1	    0	    0	    1	    0	    0	    0	    0	    1	    0	    0	    0	    0	    1	    1	    0	    0	    0	    0	    0	    0	
    1	    1	    0	    0	    0	    0	    0	    1	    0	    0	    0	    1	    0	    1	    0	    0	    0	    0	    1	    1	    0	    0	    1	    0	    1	
    1	    1	    1	    1	    1	    1	    1	    1	    0	    1	    1	    0	    1	    1	    1	    0	    1	    1	    1	    1	    0	    1	    1	    1	    0	
    1	    0	    0	    0	    0	    0	    0	    1	    0	    1	    1	    0	    0	    1	    1	    1	    1	    1	    1	    1	    0	    1	    0	    1	    0	
    1	    0	    0	    0	    0	    0	    0	    1	    0	    0	    0	    0	    1	    0	    0	    1	    0	    1	    0	    1	    0	    0	    0	    0	    1	
    0	    1	    1	    0	    1	    1	    1	    1	    1	    1	    0	    1	    1	    0	    1	    1	    1	    1	    0	    1	    1	    1	    0	    1	    1	
    0	    0	    1	    1	    0	    1	    1	    1	    0	    1	    1	    1	    1	    1	    0	    1	    1	    1	    1	    0	    1	    1	    1	    1	    0	
    1	    0	    0	    0	    1	    1	    1	    1	    1	    0	    1	    1	    0	    0	    0	    1	    1	    1	    1	    1	    1	    0	    1	    0	    1	
    1	    0	    0	    1	    0	    0	    0	    0	    0	    0	    1	    1	    1	    0	    0	    0	    0	    0	    1	    0	    0	    0	    0	    0	    0	
    1	    1	    1	    1	    1	    1	    1	    0	    1	    1	    1	    1	    0	    1	    1	    1	    1	    1	    0	    1	    1	    1	    1	    0	    0	
    1	    0	    1	    0	    1	    0	    1	    0	    0	    0	    0	    1	    0	    1	    1	    1	    0	    0	    0	    1	    1	    0	    0	    0	    0	
    0	    1	    1	    1	    0	    1	    0	    0	    0	    1	    0	    1	    1	    1	    0	    1	    1	    1	    0	    1	    0	    0	    1	    1	    0	
    0	    1	    1	    1	    1	    0	    0	    1	    0	    0	    0	    1	    1	    1	    0	    1	    1	    1	    1	    0	    0	    1	    1	    0	    0	
    0	    0	    0	    0	    0	    0	    1	    0	    0	    0	    0	    0	    0	    0	    0	    0	    0	    0	    0	    0	    0	    1	    1	    0	    0	
    1	    1	    0	    0	    0	    0	    1	    1	    1	    1	    1	    0	    1	    1	    1	    1	    1	    1	    1	    0	    1	    1	    0	    1	    1	
    0	    0	    0	    1	    0	    0	    1	    0	    0	    0	    0	    1	    0	    1	    0	    0	    0	    0	    1	    1	    0	    0	    1	    0	    1	
    1	    0	    1	    1	    0	    0	    1	    0	    1	    1	    0	    1	    0	    0	    0	    0	    0	    0	    0	    1	    0	    0	    0	    0	    1	
    0	    0	    1	    1	    0	    0	    0	    0	    1	    1	    1	    0	    1	    1	    0	    0	    0	    0	    1	    0	    1	    0	    0	    0	    0	
    1	    1	    1	    1	    0	    0	    1	    0	    1	    0	    1	    1	    0	    0	    0	    0	    1	    1	    1	    0	    1	    1	    1	    1	    1	
    0	    0	    1	    1	    1	    1	    0	    1	    1	    1	    1	    1	    1	    1	    1	    1	    1	    1	    1	    1	    1	    1	    0	    1	    0	
    1	    1	    1	    0	    0	    1	    1	    1	    0	    1	    0	    0	    1	    1	    1	    1	    1	    1	    0	    0	    0	    0	    0	    1	    0	
    0	    0	    0	    0	    0	    1	    0	    1	    1	    0	    0	    0	    0	    0	    0	    0	    0	    0	    0	    0	    0	    0	    0	    0	    0	
    0	    1	    0	    0	    0	    1	    0	    0	    1	    0	    1	    1	    0	    1	    0	    1	    0	    1	    1	    0	    0	    0	    0	    1	    0	
    1	    0	    0	    0	    0	    0	    0	    0	    0	    0	    0	    0	    0	    0	    1	    0	    0	    0	    0	    0	    1	    0	    0	    0	    0	
    0	    1	    1	    1	    1	    1	    0	    0	    0	    0	    0	    1	    0	    0	    1	    1	    0	    0	    0	    0	    0	    0	    1	    0	    1	
    1	    1	    1	    0	    0	    0	    1	    1	    0	    0	    1	    1	    0	    0	    0	    1	    0	    0	    1	    1	    1	    0	    0	    0	    1	
    1	    0	    0	    0	    0	    0	    0	    0	    1	    1	    0	    1	    0	    1	    1	    0	    0	    1	    0	    1	    1	    0	    0	    0	    1	
    0	    0	    0	    0	    1	    0	    0	    1	    0	    1	    0	    0	    0	    1	    0	    0	    0	    0	    0	    0	    0	    1	    0	    0	    0	
    1	    1	    0	    0	    0	    0	    1	    0	    0	    1	    0	    1	    1	    0	    0	    0	    1	    1	    0	    0	    1	    1	    0	    0	    0	
    0	    0	    0	    0	    0	    0	    0	    0	    1	    0	    0	    0	    0	    0	    0	    1	    0	    1	    0	    0	    0	    0	    0	    0	    0	
    0	    0	    1	    1	    0	    0	    1	    0	    1	    0	    0	    1	    0	    1	    0	    0	    0	    1	    0	    0	    0	    0	    0	    1	    0	
    1	    1	    1	    1	    1	    1	    1	    0	    1	    1	    1	    0	    1	    1	    1	    1	    1	    1	    1	    1	    1	    0	    1	    1	    1	
    0	    1	    1	    1	    1	    1	    1	    1	    1	    1	    1	    1	    1	    1	    1	    1	    1	    1	    1	    1	    1	    1	    1	    1	    1	
    1	    1	    1	    1	    1	    1	    1	    1	    1	    1	    1	    1	    1	    1	    1	    1	    0	    1	    1	    1	    1	    1	    1	    1	    1	
    0	    0	    0	    1	    0	    0	    0	    1	    0	    0	    0	    0	    0	    0	    0	    0	    1	    0	    0	    1	    0	    0	    1	    0	    0	
    1	    0	    1	    0	    0	    0	    0	    0	    0	    0	    0	    0	    0	    0	    0	    0	    0	    0	    0	    0	    0	    0	    1	    0	    0	
    0	    0	    0	    1	    1	    0	    1	    0	    0	    0	    1	    0	    1	    1	    0	    0	    0	    1	    0	    1	    1	    1	    0	    0	    0	
    1	    0	    1	    1	    1	    1	    1	    0	    1	    1	    1	    1	    1	    1	    1	    0	    1	    1	    1	    1	    0	    1	    1	    1	    1	
    1	    1	    1	    0	    1	    0	    0	    1	    1	    0	    1	    1	    1	    0	    1	    0	    1	    1	    0	    1	    1	    1	    1	    0	    1	
    1	    1	    1	    0	    1	    1	    1	    1	    1	    1	    1	    1	    1	    1	    1	    1	    1	    1	    1	    1	    1	    1	    0	    1	    1	
    0	    0	    0	    1	    1	    0	    1	    1	    0	    1	    0	    0	    0	    1	    0	    1	    1	    0	    0	    0	    1	    1	    0	    0	    0	
    1	    1	    0	    1	    1	    0	    0	    1	    0	    1	    1	    1	    0	    1	    1	    1	    1	    1	    0	    1	    1	    1	    0	    1	    1	
    0	    0	    0	    0	    1	    0	    1	    1	    0	    1	    0	    0	    0	    0	    0	    0	    0	    0	    1	    0	    1	    1	    0	    0	    0	
    0	    0	    1	    0	    0	    0	    0	    0	    0	    0	    0	    1	    0	    0	    0	    0	    0	    0	    0	    0	    0	    0	    1	    0	    0	
    1	    1	    0	    0	    0	    1	    1	    1	    1	    1	    0	    1	    0	    1	    1	    0	    1	    0	    0	    1	    1	    1	    1	    0	    1	
    1	    1	    1	    0	    0	    1	    1	    1	    1	    1	    1	    0	    1	    1	    1	    1	    1	    1	    1	    0	    1	    1	    1	    1	    1	
    1	    1	    1	    1	    0	    1	    1	    0	    0	    1	    1	    0	    1	    0	    1	    0	    1	    0	    1	    1	    0	    0	    1	    1	    1	
    1	    1	    1	    1	    1	    1	    0	    1	    1	    1	    1	    1	    1	    1	    1	    1	    1	    1	    1	    1	    1	    1	    1	    0	    1	
    0	    0	    1	    1	    0	    1	    0	    1	    1	    0	    0	    0	    0	    0	    1	    0	    1	    1	    0	    0	    0	    1	    1	    0	    0	
    1	    1	    1	    1	    1	    1	    1	    1	    1	    1	    0	    1	    1	    0	    1	    1	    1	    1	    1	    1	    1	    0	    1	    1	    1	
    0	    0	    1	    1	    1	    1	    1	    1	    1	    1	    1	    1	    1	    1	    1	    1	    1	    1	    1	    1	    1	    1	    0	    1	    1	
    1	    0	    1	    0	    1	    1	    0	    0	    1	    1	    1	    1	    1	    1	    1	    0	    0	    0	    0	    1	    0	    1	    1	    1	    0	
    0	    1	    0	    0	    1	    1	    1	    0	    0	    0	    0	    1	    1	    1	    1	    1	    0	    1	    0	    0	    1	    1	    1	    1	    1	
    1	    1	    1	    1	    1	    0	    1	    0	    1	    0	    1	    1	    0	    1	    1	    1	    0	    0	    0	    0	    0	    0	    0	    0	    1	
    1	    1	    1	    1	    1	    1	    1	    1	    1	    1	    1	    1	    1	    0	    0	    1	    1	    1	    1	    0	    1	    1	    0	    1	    1	
    1	    0	    1	    1	    0	    0	    0	    1	    1	    1	    0	    1	    1	    1	    0	    0	    0	    0	    0	    1	    0	    0	    0	    0	    0	
    0	    0	    0	    0	    0	    0	    0	    0	    1	    0	    0	    0	    0	    1	    0	    0	    0	    0	    0	    0	    0	    0	    0	    0	    0	
    1	    1	    1	    1	    1	    1	    1	    1	    1	    1	    1	    1	    1	    1	    1	    1	    1	    1	    1	    1	    1	    1	    1	    1	    1	
    0	    0	    1	    0	    0	    1	    1	    1	    1	    1	    0	    0	    1	    0	    1	    1	    1	    1	    0	    1	    1	    0	    1	    1	    1	
    1	    1	    1	    1	    1	    0	    0	    1	    0	    1	    1	    1	    0	    1	    1	    0	    1	    1	    1	    1	    1	    1	    1	    0	    1	
    1	    1	    1	    1	    1	    1	    1	    0	    1	    1	    1	    1	    1	    0	    1	    0	    1	    1	    1	    1	    1	    1	    1	    1	    1	
    1	    0	    0	    1	    0	    1	    1	    0	    0	    1	    1	    0	    0	    1	    1	    1	    0	    0	    0	    0	    0	    0	    0	    0	    1	
    1	    1	    1	    1	    1	    1	    1	    1	    1	    1	    1	    1	    1	    1	    1	    1	    1	    1	    1	    1	    1	    1	    1	    1	    1	
    0	    0	    1	    1	    1	    0	    0	    1	    1	    0	    0	    0	    1	    0	    1	    1	    0	    0	    0	    0	    0	    1	    1	    1	    1	
    0	    1	    0	    0	    1	    1	    1	    1	    0	    1	    1	    1	    1	    1	    1	    1	    0	    1	    0	    1	    1	    0	    1	    1	    0	
    1	    0	    1	    0	    0	    0	    1	    1	    0	    0	    0	    0	    0	    0	    0	    0	    0	    0	    0	    1	    0	    0	    0	    0	    0	
    1	    1	    1	    1	    1	    1	    1	    1	    1	    1	    1	    1	    1	    1	    1	    1	    1	    1	    1	    1	    1	    1	    1	    1	    1	
    0	    0	    1	    1	    1	    0	    1	    1	    1	    1	    0	    0	    0	    1	    1	    1	    1	    0	    1	    1	    0	    1	    1	    1	    1	
    0	    0	    0	    1	    1	    1	    0	    0	    1	    1	    0	    1	    1	    0	    0	    0	    1	    1	    1	    1	    1	    0	    0	    0	    1	
    0	    0	    1	    0	    0	    0	    0	    0	    0	    0	    0	    0	    0	    0	    0	    0	    0	    0	    0	    0	    0	    0	    0	    0	    0	
    0	    0	    0	    0	    0	    1	    1	    0	    1	    0	    0	    0	    1	    1	    0	    0	    0	    1	    0	    0	    0	    1	    1	    0	    0	
    1	    1	    1	    0	    1	    0	    1	    0	    1	    0	    1	    1	    0	    0	    1	    1	    1	    0	    1	    1	    1	    1	    1	    0	    0	
    0	    0	    0	    0	    0	    0	    1	    0	    0	    0	    0	    0	    0	    0	    0	    1	    0	    0	    0	    1	    1	    1	    0	    0	    0	
    1	    1	    1	    1	    1	    1	    1	    0	    1	    1	    1	    1	    1	    1	    1	    0	    1	    1	    1	    1	    0	    1	    0	    1	    1	
    1	    0	    0	    1	    1	    0	    0	    0	    1	    0	    0	    0	    0	    0	    1	    0	    0	    1	    0	    1	    0	    0	    0	    1	    0	
    0	    0	    0	    0	    0	    0	    0	    1	    0	    0	    0	    0	    0	    0	    0	    0	    0	    0	    0	    1	    0	    0	    0	    0	    0	
    0	    0	    0	    1	    0	    0	    1	    0	    1	    1	    0	    1	    1	    1	    1	    1	    0	    1	    1	    0	    1	    0	    0	    0	    0	
    0	    0	    0	    1	    0	    0	    0	    0	    0	    0	    0	    0	    1	    0	    1	    0	    1	    0	    0	    0	    0	    0	    0	    0	    1	
    0	    0	    0	    0	    0	    0	    0	    0	    0	    0	    0	    0	    0	    0	    0	    0	    0	    0	    1	    0	    0	    0	    0	    0	    0	
    1	    1	    1	    1	    1	    1	    1	    1	    1	    1	    1	    1	    1	    1	    1	    1	    1	    1	    1	    1	    1	    1	    1	    1	    0	
    1	    0	    0	    0	    0	    0	    0	    1	    0	    0	    1	    0	    0	    1	    1	    0	    0	    0	    0	    0	    1	    0	    0	    0	    0	
    1	    1	    1	    0	    0	    0	    1	    1	    1	    1	    1	    0	    1	    1	    0	    1	    1	    0	    1	    1	    1	    0	    1	    1	    0	
    0	    0	    0	    0	    0	    0	    1	    0	    0	    0	    0	    0	    0	    0	    0	    0	    0	    0	    0	    0	    0	    0	    0	    0	    0	
    1	    1	    1	    1	    1	    0	    1	    1	    1	    1	    1	    1	    1	    1	    0	    0	    1	    1	    1	    1	    1	    1	    1	    1	    1	
    0	    1	    0	    1	    0	    0	    1	    0	    0	    0	    1	    1	    1	    1	    0	    1	    1	    1	    0	    0	    0	    1	    1	    1	    0	
    1	    0	    0	    0	    0	    0	    1	    0	    0	    0	    0	    1	    0	    0	    1	    1	    1	    0	    0	    1	    0	    1	    0	    0	    1	
    1	    1	    1	    1	    1	    1	    1	    1	    1	    1	    1	    1	    0	    1	    0	    1	    1	    1	    0	    1	    1	    1	    1	    1	    0	
    0	    1	    1	    0	    0	    0	    0	    0	    1	    0	    1	    1	    0	    0	    0	    0	    1	    0	    0	    0	    0	    0	    0	    0	    0	
    1	    1	    0	    0	    0	    0	    0	    0	    0	    0	    0	    0	    0	    0	    1	    0	    1	    1	    0	    0	    0	    1	    0	    0	    0	
    0	    1	    1	    1	    1	    1	    1	    1	    1	    1	    1	    1	    1	    1	    0	    1	    0	    1	    1	    1	    1	    1	    1	    1	    1	
    1	    0	    1	    1	    1	    1	    1	    1	    0	    1	    1	    1	    0	    1	    0	    1	    1	    1	    1	    1	    1	    1	    1	    0	    0	
    0	    0	    0	    0	    0	    0	    0	    0	    0	    0	    1	    1	    0	    0	    0	    0	    0	    0	    1	    0	    0	    0	    1	    0	    0	
    1	    0	    0	    0	    0	    1	    1	    1	    1	    0	    1	    1	    1	    1	    1	    0	    0	    1	    0	    1	    0	    1	    0	    0	    0	
    1	    1	    1	    1	    1	    0	    1	    0	    1	    1	    0	    1	    1	    1	    0	    0	    1	    1	    1	    0	    1	    1	    0	    1	    1	
    0	    0	    0	    0	    1	    0	    0	    1	    0	    1	    1	    1	    0	    0	    0	    1	    0	    0	    0	    1	    1	    1	    0	    0	    0	
    0	    0	    1	    1	    1	    1	    0	    1	    1	    1	    1	    0	    0	    0	    0	    0	    0	    0	    1	    1	    1	    1	    0	    1	    1	
    0	    0	    0	    0	    1	    1	    1	    1	    1	    1	    0	    0	    1	    1	    0	    0	    0	    1	    1	    1	    1	    1	    0	    0	    0	
    1	    0	    0	    1	    1	    0	    0	    1	    1	    1	    1	    1	    0	    1	    1	    0	    0	    0	    0	    0	    1	    1	    0	    0	    0	
    1	    1	    1	    1	    1	    1	    1	    1	    1	    1	    1	    1	    1	    1	    1	    1	    1	    1	    0	    1	    1	    1	    1	    1	    1	
    1	    1	    0	    1	    1	    1	    1	    1	    1	    1	    1	    0	    1	    1	    0	    1	    0	    1	    0	    1	    1	    0	    1	    1	    1	
    1	    1	    1	    1	    1	    1	    1	    0	    1	    1	    1	    1	    1	    1	    0	    1	    1	    1	    0	    1	    1	    1	    1	    1	    1	
    0	    1	    0	    0	    0	    0	    0	    0	    1	    0	    1	    1	    1	    0	    1	    0	    1	    0	    0	    0	    1	    0	    0	    1	    1	
    1	    0	    0	    0	    0	    1	    0	    0	    0	    0	    0	    0	    0	    0	    0	    0	    0	    0	    0	    1	    0	    1	    1	    0	    0	
    1	    1	    1	    1	    0	    1	    1	    1	    0	    1	    1	    0	    0	    1	    1	    1	    0	    0	    1	    1	    1	    1	    1	    1	    0	
    1	    1	    1	    1	    1	    1	    1	    1	    0	    0	    1	    1	    1	    1	    1	    1	    1	    1	    0	    0	    1	    0	    0	    0	    1	
    1	    1	    0	    1	    0	    0	    1	    0	    0	    1	    0	    1	    1	    0	    0	    0	    1	    0	    1	    0	    1	    0	    1	    0	    1	
    1	    1	    0	    1	    1	    1	    1	    1	    1	    1	    1	    1	    1	    1	    1	    1	    1	    1	    1	    1	    1	    1	    1	    1	    1	
    0	    0	    0	    0	    0	    0	    0	    0	    0	    1	    0	    0	    0	    0	    0	    0	    0	    0	    0	    0	    0	    0	    0	    0	    0	
    1	    1	    1	    1	    1	    0	    1	    0	    1	    1	    1	    1	    1	    1	    0	    1	    1	    1	    0	    0	    1	    1	    0	    0	    1	
    1	    1	    1	    0	    1	    1	    0	    1	    1	    0	    1	    1	    0	    0	    0	    0	    0	    0	    1	    0	    1	    0	    0	    0	    1	
    1	    1	    1	    1	    1	    1	    1	    1	    1	    1	    1	    1	    1	    1	    1	    1	    1	    1	    1	    1	    1	    1	    1	    1	    1	
    0	    0	    0	    0	    0	    0	    0	    0	    0	    0	    0	    0	    1	    0	    0	    0	    0	    0	    0	    0	    0	    0	    0	    0	    0	
    1	    1	    1	    1	    1	    0	    1	    0	    1	    1	    1	    1	    1	    1	    1	    1	    1	    1	    1	    1	    0	    1	    1	    1	    1	
    1	    1	    0	    1	    1	    0	    1	    1	    0	    0	    1	    1	    1	    0	    1	    0	    0	    0	    1	    0	    1	    1	    0	    1	    1	
    1	    0	    0	    0	    0	    0	    0	    0	    0	    0	    0	    0	    0	    0	    0	    0	    0	    0	    0	    0	    0	    0	    0	    0	    0	
    0	    1	    0	    0	    0	    0	    0	    0	    0	    0	    0	    0	    0	    0	    0	    0	    0	    0	    0	    0	    0	    0	    0	    0	    0	
    0	    0	    1	    0	    0	    0	    0	    0	    0	    0	    0	    0	    0	    0	    0	    0	    0	    0	    0	    0	    0	    0	    0	    0	    0	
    0	    0	    0	    1	    0	    0	    0	    0	    0	    0	    0	    0	    0	    0	    0	    0	    0	    0	    0	    0	    0	    0	    0	    0	    0	
    0	    0	    0	    0	    1	    0	    0	    0	    0	    0	    0	    0	    0	    0	    0	    0	    0	    0	    0	    0	    0	    0	    0	    0	    0	
    0	    0	    0	    0	    0	    1	    0	    0	    0	    0	    0	    0	    0	    0	    0	    0	    0	    0	    0	    0	    0	    0	    0	    0	    0	
    0	    0	    0	    0	    0	    0	    1	    0	    0	    0	    0	    0	    0	    0	    0	    0	    0	    0	    0	    0	    0	    0	    0	    0	    0	
    0	    0	    0	    0	    0	    0	    0	    1	    0	    0	    0	    0	    0	    0	    0	    0	    0	    0	    0	    0	    0	    0	    0	    0	    0	
    0	    0	    0	    0	    0	    0	    0	    0	    1	    0	    0	    0	    0	    0	    0	    0	    0	    0	    0	    0	    0	    0	    0	    0	    0	
    0	    0	    0	    0	    0	    0	    0	    0	    0	    1	    0	    0	    0	    0	    0	    0	    0	    0	    0	    0	    0	    0	    0	    0	    0	
    0	    0	    0	    0	    0	    0	    0	    0	    0	    0	    1	    0	    0	    0	    0	    0	    0	    0	    0	    0	    0	    0	    0	    0	    0	
    0	    0	    0	    0	    0	    0	    0	    0	    0	    0	    0	    1	    0	    0	    0	    0	    0	    0	    0	    0	    0	    0	    0	    0	    0	
    0	    0	    0	    0	    0	    0	    0	    0	    0	    0	    0	    0	    1	    0	    0	    0	    0	    0	    0	    0	    0	    0	    0	    0	    0	
    0	    0	    0	    0	    0	    0	    0	    0	    0	    0	    0	    0	    0	    1	    0	    0	    0	    0	    0	    0	    0	    0	    0	    0	    0	
    0	    0	    0	    0	    0	    0	    0	    0	    0	    0	    0	    0	    0	    0	    1	    0	    0	    0	    0	    0	    0	    0	    0	    0	    0	
    0	    0	    0	    0	    0	    0	    0	    0	    0	    0	    0	    0	    0	    0	    0	    1	    0	    0	    0	    0	    0	    0	    0	    0	    0	
    0	    0	    0	    0	    0	    0	    0	    0	    0	    0	    0	    0	    0	    0	    0	    0	    1	    0	    0	    0	    0	    0	    0	    0	    0	
    0	    0	    0	    0	    0	    0	    0	    0	    0	    0	    0	    0	    0	    0	    0	    0	    0	    1	    0	    0	    0	    0	    0	    0	    0	
    0	    0	    0	    0	    0	    0	    0	    0	    0	    0	    0	    0	    0	    0	    0	    0	    0	    0	    1	    0	    0	    0	    0	    0	    0	
    0	    0	    0	    0	    0	    0	    0	    0	    0	    0	    0	    0	    0	    0	    0	    0	    0	    0	    0	    1	    0	    0	    0	    0	    0	
    0	    0	    0	    0	    0	    0	    0	    0	    0	    0	    0	    0	    0	    0	    0	    0	    0	    0	    0	    0	    1	    0	    0	    0	    0	
    0	    0	    0	    0	    0	    0	    0	    0	    0	    0	    0	    0	    0	    0	    0	    0	    0	    0	    0	    0	    0	    1	    0	    0	    0	
    0	    0	    0	    0	    0	    0	    0	    0	    0	    0	    0	    0	    0	    0	    0	    0	    0	    0	    0	    0	    0	    0	    1	    0	    0	
    0	    0	    0	    0	    0	    0	    0	    0	    0	    0	    0	    0	    0	    0	    0	    0	    0	    0	    0	    0	    0	    0	    0	    1	    0	
    0	    0	    0	    0	    0	    0	    0	    0	    0	    0	    0	    0	    0	    0	    0	    0	    0	    0	    0	    0	    0	    0	    0	    0	    1	


0	90	60	100	30	40	115	30	35	60	120	105	100	115	105	50	85	120	80	100	40	30	30	30	90	115	85	75	90	60	40	70	55	35	95	100	95	75	50	100	115	35	105	50	100	40	120	80	100	70	70	50	45	40	35	80	45	100	60	90	110	120	60	60	80	90	90	120	35	40	80	115	30	105	90	110	50	65	75	55	45	110	65	65	50	55	40	35	30	110	65	55	50	105	60	120	45	110	55	80	40	50	75	65	40	90	90	65	120	40	80	50	30	100	120	70	30	105	100	55	100	75	105	95	80	35	85	45	75	85	70	50	85	95	120	60	75	50	60	45	60	65	65	105	85	50	105	115	50	85	100	60	60	60	60	60	60	60	60	60	60	60	60	60	60	60	60	60	60	60	60	60	60	60	60	60	
0	515	590	615	650	490	490	665	580	740	610	720	470	585	670	465	665	570	565	715	730	730	805	620	660	610	650	750	710	730	660	530	770	615	755	500	710	645	545	520	560	790	530	765	525	640	690	630	540	470	625	675	645	675	720	585	540	710	525	700	510	590	720	715	555	525	435	680	725	675	720	660	650	500	725	615	555	710	470	575	475	550	620	475	605	495	770	520	785	510	625	775	460	575	755	705	750	565	755	690	460	725	545	645	755	645	565	620	730	740	655	535	605	460	615	730	775	675	480	515	635	465	490	500	670	445	655	615	495	560	650	480	620	480	570	735	575	620	625	635	495	490	485	475	700	545	535	495	585	655	710	600	750	750	900	660	900	750	810	690	690	780	780	630	870	660	630	780	870	870	630	660	750	630	780	900	
1440	1020	1015	1135	1070	890	1010	1055	1025	1180	1125	1205	960	1100	1180	930	1150	1100	1060	1210	1160	1180	1195	1030	1155	1110	1100	1205	1180	1205	1110	985	1220	1030	1235	990	1170	1090	975	1015	1085	1215	1050	1195	985	1060	1210	1110	1020	910	1110	1095	1090	1135	1165	1045	1005	1195	960	1200	1025	1105	1165	1165	1000	985	920	1190	1125	1090	1220	1185	1100	1000	1185	1085	995	1145	905	990	920	1075	1085	935	1025	915	1225	925	1195	1025	1090	1205	900	1065	1205	1210	1210	1085	1195	1180	900	1150	1015	1130	1215	1155	1045	1055	1220	1155	1130	955	1055	920	1155	1195	1170	1150	1000	955	1150	900	980	1010	1170	880	1125	1025	965	1035	1125	940	1080	970	1110	1210	1010	1070	1100	1090	955	925	915	960	1205	965	1015	1010	1010	1150	1220	780	930	930	1080	840	1080	930	990	870	870	960	960	810	1050	840	810	960	1050	1050	810	840	930	810	960	1080	


420	570	570	720	480	720	570	630	510	510	600	600	450	690	480	450	600	690	690	450	480	570	450	600	720	
960	1110	1110	1260	1020	1260	1110	1170	1050	1050	1140	1140	990	1230	1020	990	1140	1230	1230	990	1020	1110	990	1140	1260	


1337
13500


 40.000000	 50.000000 
 25.000000	 85.000000 
 72.000000	 35.000000 
 22.000000	 75.000000 
 55.000000	 20.000000 
 22.000000	 85.000000 
 25.000000	 30.000000 
 20.000000	 80.000000 
 20.000000	 50.000000 
 20.000000	 85.000000 
 55.000000	 60.000000 
 18.000000	 75.000000 
 30.000000	 60.000000 
 15.000000	 75.000000 
 50.000000	 35.000000 
 15.000000	 80.000000 
 30.000000	 25.000000 
 10.000000	 35.000000 
 15.000000	 10.000000 
 10.000000	 40.000000 
 10.000000	 20.000000 
  8.000000	 40.000000 
 15.000000	 60.000000 
  8.000000	 45.000000 
 45.000000	 65.000000 
  5.000000	 35.000000 
 65.000000	 35.000000 
  5.000000	 45.000000 
 65.000000	 20.000000 
  2.000000	 40.000000 
 45.000000	 30.000000 
  0.000000	 40.000000 
 35.000000	 40.000000 
  0.000000	 45.000000 
 41.000000	 37.000000 
 44.000000	  5.000000 
 64.000000	 42.000000 
 42.000000	 10.000000 
 40.000000	 60.000000 
 42.000000	 15.000000 
 31.000000	 52.000000 
 40.000000	  5.000000 
 35.000000	 69.000000 
 40.000000	 15.000000 
 65.000000	 55.000000 
 38.000000	  5.000000 
 63.000000	 65.000000 
 38.000000	 15.000000 
  2.000000	 60.000000 
 35.000000	  5.000000 
 20.000000	 20.000000 
 95.000000	 30.000000 
  5.000000	  5.000000 
 95.000000	 35.000000 
 60.000000	 12.000000 
 92.000000	 30.000000 
 23.000000	  3.000000 
 90.000000	 35.000000 
  8.000000	 56.000000 
 88.000000	 30.000000 
  6.000000	 68.000000 
 88.000000	 35.000000 
 47.000000	 47.000000 
 87.000000	 30.000000 
 49.000000	 58.000000 
 85.000000	 25.000000 
 27.000000	 43.000000 
 85.000000	 35.000000 
 37.000000	 31.000000 
 67.000000	 85.000000 
 57.000000	 29.000000 
 65.000000	 85.000000 
 63.000000	 23.000000 
 65.000000	 82.000000 
 21.000000	 24.000000 
 62.000000	 80.000000 
 12.000000	 24.000000 
 60.000000	 80.000000 
 24.000000	 58.000000 
 60.000000	 85.000000 
 67.000000	  5.000000 
 58.000000	 75.000000 
 37.000000	 47.000000 
 55.000000	 80.000000 
 49.000000	 42.000000 
 55.000000	 85.000000 
 53.000000	 43.000000 
 55.000000	 82.000000 
 61.000000	 52.000000 
 20.000000	 82.000000 
 57.000000	 48.000000 
 18.000000	 80.000000 
 56.000000	 37.000000 
  2.000000	 45.000000 
 55.000000	 54.000000 
 42.000000	  5.000000 
  4.000000	 18.000000 
 42.000000	 12.000000 
 26.000000	 52.000000 
 26.000000	 35.000000 
 31.000000	 67.000000 
 40.000000	 15.000000 
 95.000000	 30.000000 
  5.000000	  5.000000 
 20.000000	 82.000000 
  4.000000	 18.000000 
 95.000000	 35.000000 
 15.000000	 80.000000 
  5.000000	 35.000000 
 72.000000	 35.000000 
  8.000000	 40.000000 
 21.000000	 24.000000 
 25.000000	 85.000000 
 57.000000	 48.000000 
 60.000000	 85.000000 
 15.000000	 80.000000 
 35.000000	  5.000000 
 56.000000	 37.000000 
  0.000000	 45.000000 
 63.000000	 65.000000 
 25.000000	 85.000000 
 42.000000	 15.000000 
  5.000000	  5.000000 
 87.000000	 30.000000 
 24.000000	 58.000000 
 24.000000	 58.000000 
  2.000000	 40.000000 
 55.000000	 80.000000 
 42.000000	 15.000000 
 87.000000	 30.000000 
 65.000000	 20.000000 
 38.000000	 15.000000 
 15.000000	 10.000000 
 88.000000	 35.000000 
 15.000000	 80.000000 
 42.000000	  5.000000 
 26.000000	 52.000000 
 85.000000	 25.000000 
 44.000000	  5.000000 
 22.000000	 85.000000 
 25.000000	 85.000000 
 85.000000	 35.000000 
 20.000000	 20.000000 
 22.000000	 75.000000 
  0.000000	 45.000000 
 26.000000	 35.000000 
 63.000000	 65.000000 
 22.000000	 75.000000 
  5.000000	 35.000000 
 21.000000	 24.000000 
 47.000000	 47.000000 
