
   30
    3


    0 
    2 
    7 
    6 
    1 
    2 
    8 
    1 
    4 
    5 
    7 
   10 
   10 
    5 
    4 
    4 
    9 
    1 
    7 
    4 
    7 
    6 
    1 
    8 
    2 
    4 
    9 
    8 
    9 
    6 
    8 
   10 
   10 
   10 

    0	    0	    0	
    0	    1	    1	
    1	    1	    1	
    1	    1	    1	
    1	    0	    0	
    0	    1	    0	
    1	    1	    1	
    1	    0	    1	
    1	    0	    0	
    0	    0	    1	
    0	    1	    1	
    1	    1	    0	
    0	    1	    0	
    0	    1	    0	
    1	    1	    0	
    1	    0	    0	
    1	    1	    0	
    1	    1	    0	
    0	    1	    0	
    1	    0	    1	
    1	    0	    0	
    1	    0	    0	
    1	    1	    0	
    1	    0	    0	
    1	    1	    0	
    1	    1	    1	
    1	    1	    1	
    0	    0	    1	
    1	    1	    1	
    0	    0	    1	
    1	    1	    1	
    1	    0	    0	
    0	    1	    0	
    0	    0	    1	


0	30	70	40	50	105	50	90	70	120	100	55	30	95	70	110	100	100	100	80	115	120	85	105	45	100	80	100	55	35	65	60	60	60	
0	445	835	725	480	900	510	665	520	690	875	555	650	520	720	500	575	690	655	690	480	445	585	615	590	825	765	830	645	990	640	600	870	900	
1440	920	1175	875	730	1075	915	1135	670	1140	1160	865	1055	800	1190	655	855	895	1085	1085	835	740	1055	955	775	1110	1190	995	800	1175	1115	780	1050	1080	


420	690	720	
960	1230	1260	


1260
1620


 35.000000	 35.000000 
 41.000000	 49.000000 
 35.000000	 17.000000 
 55.000000	 45.000000 
 55.000000	 20.000000 
 15.000000	 30.000000 
 25.000000	 30.000000 
 20.000000	 50.000000 
 10.000000	 43.000000 
 55.000000	 60.000000 
 30.000000	 60.000000 
 20.000000	 65.000000 
 50.000000	 35.000000 
 30.000000	 25.000000 
 15.000000	 10.000000 
 30.000000	  5.000000 
 10.000000	 20.000000 
  5.000000	 30.000000 
 20.000000	 40.000000 
 15.000000	 60.000000 
 45.000000	 65.000000 
 45.000000	 20.000000 
 45.000000	 10.000000 
 55.000000	  5.000000 
 65.000000	 35.000000 
 65.000000	 20.000000 
 45.000000	 30.000000 
 35.000000	 40.000000 
 41.000000	 37.000000 
 64.000000	 42.000000 
 40.000000	 60.000000 
