
   16
    2


    0 
    3 
    3 
    3 
    4 
    4 
    5 
    2 
   10 
    6 
    9 
    6 
   10 
    1 
    8 
   10 
    1 
   10 
   10 

    0	    0	
    1	    0	
    1	    0	
    0	    1	
    1	    0	
    1	    0	
    0	    1	
    1	    1	
    0	    1	
    1	    0	
    1	    0	
    1	    0	
    1	    0	
    0	    1	
    1	    1	
    1	    1	
    1	    0	
    1	    0	
    0	    1	


0	110	45	45	35	75	35	50	40	45	40	35	110	70	65	45	60	60	60	
0	555	855	550	670	545	740	870	575	520	710	835	835	965	800	875	695	660	840	
1440	675	1135	995	805	670	860	1145	990	845	1105	1165	990	1090	1050	1100	1135	840	1020	


480	660	
1020	1200	


1230
1080


 35.000000	 35.000000 
 41.000000	 49.000000 
 35.000000	 17.000000 
 55.000000	 45.000000 
 55.000000	 20.000000 
 15.000000	 30.000000 
 25.000000	 30.000000 
 20.000000	 50.000000 
 10.000000	 43.000000 
 55.000000	 60.000000 
 30.000000	 60.000000 
 20.000000	 65.000000 
 50.000000	 35.000000 
 30.000000	 25.000000 
 15.000000	 10.000000 
 30.000000	  5.000000 
 10.000000	 20.000000 
