
  200
   30


    0 
    1 
    9 
    6 
    9 
    1 
    4 
    4 
    3 
    9 
    7 
    8 
    3 
    7 
    7 
    2 
    4 
   10 
    6 
    2 
    7 
    5 
    5 
    3 
    6 
    8 
    6 
    3 
    9 
    4 
    4 
    3 
   10 
    1 
    1 
    9 
    4 
    4 
    9 
    8 
    6 
    9 
    4 
    4 
   10 
    2 
    4 
    9 
    4 
    9 
    4 
    6 
    8 
    9 
    5 
    8 
    8 
    6 
    3 
    6 
   10 
    5 
    4 
   10 
    9 
    3 
    1 
    7 
    8 
    2 
    9 
    5 
    6 
    9 
    3 
    6 
    4 
    9 
    2 
    6 
    3 
    9 
    8 
    4 
    4 
    7 
    1 
    8 
    6 
    7 
    3 
    5 
    3 
    5 
    9 
    5 
    4 
    9 
    2 
    8 
    2 
    7 
   10 
    6 
   10 
    3 
    7 
    5 
    3 
    6 
    3 
    9 
    6 
    9 
    7 
    2 
    2 
    3 
    9 
    6 
    4 
    7 
    9 
    6 
   10 
    8 
    2 
    7 
    4 
    1 
    8 
    5 
    2 
    2 
    3 
    6 
    9 
    9 
    7 
    3 
    4 
    8 
    1 
    1 
   10 
    9 
    1 
    5 
    8 
    8 
    5 
    9 
    7 
    4 
    2 
    9 
    6 
   10 
    9 
    1 
    1 
    4 
   10 
    4 
    4 
    1 
    5 
    1 
    2 
    1 
    4 
    4 
   10 
    8 
    9 
    4 
    2 
    1 
    8 
    3 
    9 
    6 
    3 
    3 
    9 
   10 
    2 
    9 
    1 
    1 
    7 
    8 
    8 
    3 
    4 
    7 
    6 
    4 
    8 
    8 
    9 
   10 
   10 
   10 
   10 
   10 
   10 
   10 
   10 
   10 
   10 
   10 
   10 
   10 
   10 
   10 
   10 
   10 
   10 
   10 
   10 
   10 
   10 
   10 
   10 
   10 
   10 
   10 
   10 
   10 
   10 

    0	    0	    0	    0	    0	    0	    0	    0	    0	    0	    0	    0	    0	    0	    0	    0	    0	    0	    0	    0	    0	    0	    0	    0	    0	    0	    0	    0	    0	    0	
    1	    0	    1	    1	    1	    1	    1	    1	    1	    1	    1	    1	    1	    1	    0	    1	    1	    1	    1	    1	    1	    1	    1	    1	    1	    1	    1	    1	    0	    1	
    1	    1	    1	    1	    1	    0	    1	    1	    1	    1	    1	    1	    1	    1	    1	    1	    1	    1	    1	    1	    1	    1	    0	    1	    1	    1	    1	    1	    1	    0	
    1	    0	    1	    1	    0	    1	    1	    1	    0	    1	    1	    0	    1	    1	    1	    0	    1	    1	    1	    1	    1	    1	    1	    1	    1	    0	    1	    1	    1	    1	
    1	    0	    0	    0	    0	    0	    1	    0	    0	    0	    0	    0	    0	    0	    0	    0	    0	    0	    0	    0	    0	    0	    0	    0	    0	    1	    0	    0	    0	    0	
    1	    1	    1	    1	    1	    1	    1	    1	    1	    1	    1	    1	    0	    1	    1	    1	    1	    1	    0	    1	    1	    1	    1	    1	    1	    1	    0	    1	    1	    1	
    0	    1	    1	    1	    0	    0	    0	    0	    0	    0	    0	    0	    0	    0	    0	    0	    0	    1	    0	    0	    1	    1	    0	    0	    0	    0	    0	    0	    1	    0	
    1	    1	    1	    1	    1	    0	    1	    1	    1	    1	    1	    1	    1	    0	    1	    1	    1	    1	    1	    1	    1	    1	    1	    1	    1	    1	    1	    1	    1	    1	
    0	    0	    0	    0	    1	    1	    0	    0	    0	    1	    1	    1	    0	    0	    1	    0	    1	    1	    1	    1	    0	    0	    0	    1	    0	    0	    1	    0	    0	    1	
    0	    1	    0	    1	    0	    0	    0	    0	    1	    0	    0	    0	    1	    0	    0	    0	    1	    1	    1	    0	    0	    0	    0	    0	    0	    0	    0	    0	    1	    0	
    0	    0	    0	    0	    1	    0	    1	    1	    1	    1	    1	    0	    0	    0	    1	    1	    1	    1	    0	    0	    0	    0	    0	    0	    0	    1	    0	    0	    0	    1	
    0	    1	    1	    1	    1	    0	    0	    1	    0	    1	    1	    1	    1	    1	    0	    1	    1	    1	    1	    0	    1	    1	    0	    1	    1	    0	    1	    1	    1	    0	
    0	    0	    0	    0	    0	    0	    0	    0	    0	    0	    1	    0	    0	    0	    1	    0	    0	    0	    1	    0	    0	    0	    0	    0	    0	    0	    0	    0	    0	    0	
    1	    0	    0	    1	    0	    0	    0	    0	    1	    1	    0	    0	    1	    1	    1	    1	    0	    0	    0	    0	    1	    1	    0	    1	    1	    0	    0	    0	    1	    1	
    0	    0	    0	    1	    1	    0	    0	    1	    0	    1	    0	    1	    1	    0	    0	    1	    0	    1	    1	    1	    1	    0	    1	    0	    1	    0	    1	    0	    1	    1	
    0	    1	    1	    1	    1	    1	    1	    1	    0	    1	    0	    1	    1	    0	    1	    1	    1	    1	    1	    1	    1	    1	    1	    1	    1	    1	    1	    1	    1	    1	
    1	    1	    1	    1	    1	    0	    1	    1	    1	    1	    1	    1	    1	    1	    1	    1	    1	    1	    1	    0	    1	    0	    1	    1	    1	    1	    1	    1	    1	    1	
    0	    0	    0	    0	    1	    0	    0	    0	    1	    1	    0	    1	    1	    1	    1	    1	    0	    1	    1	    1	    0	    1	    1	    1	    0	    0	    0	    1	    0	    1	
    1	    1	    1	    1	    1	    1	    1	    1	    1	    1	    1	    1	    0	    1	    1	    1	    1	    0	    1	    1	    1	    0	    1	    1	    1	    1	    1	    1	    1	    1	
    0	    1	    0	    0	    0	    1	    0	    0	    0	    0	    1	    1	    0	    1	    0	    0	    0	    0	    1	    1	    0	    0	    0	    1	    0	    1	    0	    0	    1	    1	
    1	    1	    1	    1	    1	    1	    1	    1	    1	    1	    1	    1	    1	    1	    1	    1	    1	    1	    0	    1	    1	    1	    1	    1	    1	    1	    1	    1	    1	    1	
    1	    0	    1	    1	    1	    0	    1	    1	    0	    0	    1	    1	    0	    1	    1	    0	    1	    0	    1	    1	    1	    1	    1	    1	    1	    0	    1	    1	    1	    1	
    0	    0	    1	    1	    0	    1	    1	    1	    1	    1	    1	    0	    0	    1	    0	    1	    1	    1	    1	    0	    1	    0	    0	    1	    1	    1	    1	    0	    1	    1	
    0	    0	    0	    0	    0	    0	    0	    1	    0	    1	    0	    1	    1	    1	    0	    1	    0	    1	    0	    0	    0	    0	    0	    0	    1	    0	    0	    0	    0	    0	
    1	    1	    0	    1	    1	    0	    0	    1	    0	    1	    1	    1	    0	    1	    1	    1	    1	    0	    1	    1	    0	    1	    1	    1	    1	    1	    1	    1	    1	    0	
    1	    1	    0	    0	    0	    0	    1	    0	    1	    0	    0	    1	    0	    0	    0	    0	    0	    0	    1	    1	    0	    0	    0	    0	    0	    1	    0	    1	    0	    0	
    0	    0	    0	    0	    0	    1	    0	    0	    0	    0	    0	    1	    0	    1	    0	    0	    0	    0	    0	    0	    0	    0	    1	    0	    0	    1	    0	    0	    1	    0	
    1	    0	    1	    0	    1	    0	    1	    0	    0	    0	    0	    0	    0	    0	    1	    0	    0	    1	    1	    1	    0	    1	    0	    1	    0	    0	    1	    0	    1	    0	
    1	    0	    0	    1	    1	    0	    0	    1	    1	    0	    1	    0	    1	    0	    1	    1	    0	    0	    0	    1	    0	    1	    0	    0	    0	    0	    0	    1	    0	    0	
    1	    1	    1	    1	    1	    1	    1	    1	    1	    1	    1	    1	    1	    1	    1	    1	    1	    1	    1	    1	    1	    1	    1	    1	    1	    1	    1	    1	    1	    1	
    1	    1	    1	    1	    1	    0	    0	    1	    1	    1	    1	    1	    0	    0	    0	    1	    1	    1	    1	    0	    1	    1	    0	    1	    0	    1	    1	    1	    0	    0	
    1	    1	    1	    0	    1	    1	    1	    1	    0	    1	    0	    1	    1	    1	    1	    0	    1	    0	    0	    1	    0	    1	    1	    1	    1	    1	    1	    0	    1	    0	
    0	    1	    0	    0	    1	    0	    0	    1	    1	    0	    1	    1	    0	    0	    1	    1	    0	    1	    0	    1	    0	    0	    1	    0	    1	    1	    1	    1	    1	    1	
    1	    0	    0	    0	    0	    0	    0	    1	    1	    0	    0	    0	    0	    1	    0	    1	    1	    1	    0	    0	    0	    1	    0	    1	    0	    1	    0	    1	    0	    0	
    0	    1	    1	    0	    0	    0	    1	    1	    0	    0	    1	    1	    0	    0	    1	    0	    1	    1	    1	    1	    0	    0	    0	    1	    1	    1	    0	    1	    1	    0	
    0	    0	    1	    0	    1	    0	    0	    0	    0	    1	    0	    1	    0	    0	    1	    0	    0	    0	    0	    1	    0	    0	    0	    0	    0	    1	    0	    1	    0	    0	
    1	    1	    1	    1	    1	    1	    1	    1	    1	    1	    1	    0	    1	    1	    0	    1	    1	    1	    1	    1	    1	    1	    1	    1	    1	    1	    0	    1	    1	    1	
    1	    1	    1	    1	    1	    1	    1	    1	    1	    1	    1	    1	    1	    1	    1	    1	    1	    1	    1	    1	    1	    1	    1	    1	    1	    1	    1	    1	    1	    1	
    0	    1	    1	    1	    1	    1	    1	    1	    0	    0	    0	    0	    0	    1	    1	    0	    0	    1	    1	    1	    1	    0	    0	    0	    0	    1	    0	    0	    1	    0	
    0	    1	    0	    1	    0	    1	    0	    0	    0	    0	    0	    1	    1	    1	    1	    0	    1	    0	    1	    1	    1	    1	    0	    0	    0	    1	    0	    0	    0	    1	
    1	    1	    0	    0	    0	    1	    0	    0	    0	    1	    1	    0	    0	    0	    0	    0	    0	    0	    0	    0	    1	    0	    0	    1	    0	    0	    0	    0	    0	    0	
    1	    1	    1	    1	    1	    1	    1	    1	    1	    1	    1	    1	    1	    1	    1	    1	    1	    1	    1	    1	    1	    1	    1	    1	    1	    1	    1	    1	    1	    1	
    1	    0	    0	    0	    0	    0	    1	    1	    0	    0	    0	    0	    1	    1	    0	    1	    0	    0	    1	    0	    0	    0	    0	    1	    1	    0	    0	    1	    1	    0	
    0	    0	    0	    0	    0	    1	    1	    1	    0	    0	    0	    1	    0	    0	    1	    0	    1	    1	    1	    1	    0	    1	    1	    0	    0	    0	    1	    0	    0	    0	
    1	    1	    1	    1	    0	    1	    1	    1	    1	    1	    1	    1	    0	    1	    1	    1	    1	    1	    1	    1	    1	    0	    0	    1	    1	    1	    0	    0	    1	    0	
    1	    1	    1	    1	    1	    1	    1	    1	    1	    1	    1	    0	    1	    1	    1	    1	    0	    1	    1	    1	    1	    1	    0	    1	    1	    1	    0	    1	    1	    1	
    0	    0	    0	    1	    1	    0	    0	    1	    0	    0	    1	    1	    0	    1	    1	    0	    1	    0	    1	    1	    1	    1	    1	    0	    0	    0	    0	    0	    1	    0	
    1	    0	    0	    0	    0	    0	    1	    1	    1	    0	    1	    1	    0	    1	    0	    1	    1	    1	    1	    0	    0	    0	    1	    0	    0	    0	    0	    0	    0	    1	
    0	    0	    0	    1	    0	    0	    0	    0	    0	    0	    0	    0	    0	    0	    1	    1	    0	    0	    1	    0	    0	    0	    1	    0	    1	    1	    1	    1	    0	    1	
    1	    1	    1	    1	    1	    1	    1	    1	    1	    1	    0	    0	    0	    0	    1	    1	    1	    1	    1	    1	    1	    0	    0	    1	    1	    1	    1	    0	    1	    1	
    1	    0	    1	    0	    0	    1	    1	    0	    1	    0	    1	    1	    1	    0	    0	    1	    0	    1	    0	    1	    1	    1	    1	    1	    0	    0	    1	    0	    1	    1	
    1	    1	    1	    1	    1	    0	    0	    1	    1	    1	    1	    1	    1	    1	    1	    1	    1	    1	    1	    1	    0	    1	    1	    1	    1	    1	    1	    0	    1	    0	
    1	    1	    1	    1	    1	    1	    1	    1	    1	    1	    1	    1	    1	    1	    1	    1	    1	    1	    1	    0	    1	    1	    1	    1	    1	    1	    1	    1	    1	    1	
    0	    1	    0	    1	    1	    0	    1	    0	    0	    1	    1	    0	    1	    1	    0	    1	    1	    0	    1	    1	    0	    1	    1	    1	    0	    1	    0	    1	    1	    1	
    1	    0	    0	    0	    1	    1	    1	    0	    1	    1	    0	    0	    0	    0	    0	    1	    0	    1	    1	    0	    1	    1	    0	    0	    0	    1	    0	    0	    1	    1	
    1	    1	    1	    1	    1	    0	    1	    0	    1	    1	    0	    1	    0	    1	    1	    1	    1	    1	    1	    1	    0	    1	    1	    1	    1	    0	    1	    1	    1	    1	
    1	    1	    0	    1	    1	    1	    1	    1	    1	    1	    1	    0	    0	    1	    1	    0	    1	    0	    1	    0	    1	    1	    1	    1	    0	    0	    0	    1	    0	    0	
    0	    0	    1	    0	    0	    0	    0	    0	    0	    1	    0	    0	    1	    1	    0	    0	    1	    1	    1	    0	    1	    0	    0	    0	    0	    0	    0	    1	    0	    1	
    0	    1	    0	    0	    0	    0	    0	    0	    1	    0	    0	    1	    0	    0	    0	    0	    0	    0	    0	    1	    0	    0	    0	    0	    0	    0	    0	    0	    0	    1	
    1	    1	    1	    1	    1	    1	    1	    1	    1	    1	    1	    1	    1	    1	    1	    1	    1	    1	    1	    1	    1	    1	    1	    1	    1	    1	    1	    1	    1	    1	
    1	    0	    0	    0	    1	    1	    1	    0	    0	    0	    1	    0	    0	    0	    1	    0	    0	    0	    1	    0	    1	    0	    0	    0	    1	    0	    0	    0	    0	    0	
    0	    0	    1	    0	    0	    0	    0	    0	    0	    0	    0	    0	    0	    0	    0	    0	    0	    0	    0	    0	    0	    0	    0	    0	    0	    0	    0	    0	    0	    0	
    1	    1	    1	    1	    1	    1	    1	    1	    1	    1	    1	    1	    0	    1	    1	    1	    1	    1	    1	    1	    1	    1	    1	    1	    1	    1	    1	    1	    1	    1	
    1	    0	    1	    0	    0	    1	    1	    0	    1	    1	    1	    1	    1	    1	    1	    1	    1	    1	    0	    0	    1	    0	    1	    0	    1	    1	    1	    1	    1	    1	
    1	    0	    0	    0	    0	    0	    0	    0	    0	    1	    0	    1	    0	    0	    0	    0	    0	    0	    0	    0	    0	    0	    1	    1	    1	    0	    0	    0	    0	    0	
    1	    1	    1	    1	    0	    1	    1	    1	    1	    1	    0	    0	    1	    1	    0	    1	    1	    1	    1	    1	    1	    1	    1	    0	    1	    1	    1	    0	    1	    0	
    0	    0	    0	    0	    0	    0	    0	    1	    0	    0	    0	    0	    1	    0	    0	    0	    0	    0	    0	    0	    0	    0	    0	    0	    0	    0	    0	    0	    1	    0	
    0	    0	    0	    0	    0	    1	    0	    1	    1	    1	    0	    0	    0	    1	    0	    0	    0	    0	    0	    0	    0	    0	    1	    0	    0	    0	    0	    0	    1	    1	
    0	    0	    1	    1	    1	    0	    1	    0	    1	    1	    1	    1	    0	    1	    1	    1	    1	    1	    0	    0	    0	    1	    0	    1	    1	    1	    0	    0	    1	    0	
    0	    0	    0	    0	    0	    0	    0	    0	    0	    0	    0	    0	    0	    0	    0	    0	    0	    0	    0	    0	    0	    0	    0	    1	    1	    0	    0	    0	    0	    0	
    1	    1	    1	    0	    0	    0	    0	    1	    1	    1	    1	    1	    0	    1	    1	    1	    1	    1	    1	    0	    1	    0	    0	    1	    0	    1	    0	    0	    1	    1	
    0	    1	    0	    1	    0	    0	    0	    0	    0	    0	    1	    0	    0	    0	    0	    0	    0	    0	    0	    1	    0	    1	    1	    1	    0	    0	    1	    1	    0	    1	
    0	    1	    1	    1	    1	    1	    1	    1	    0	    0	    1	    1	    0	    1	    1	    1	    1	    1	    1	    1	    0	    0	    1	    1	    1	    1	    1	    1	    0	    1	
    0	    0	    0	    0	    0	    0	    1	    0	    0	    0	    0	    0	    0	    0	    0	    0	    0	    0	    0	    0	    1	    0	    0	    0	    0	    0	    0	    0	    0	    1	
    1	    1	    1	    0	    1	    1	    0	    0	    0	    1	    0	    1	    0	    1	    1	    0	    0	    1	    1	    1	    1	    1	    0	    1	    1	    1	    1	    1	    1	    1	
    0	    1	    1	    1	    1	    1	    1	    0	    1	    0	    0	    1	    1	    1	    1	    0	    1	    1	    1	    0	    1	    0	    1	    1	    1	    1	    1	    1	    0	    1	
    1	    1	    1	    1	    0	    1	    1	    1	    0	    0	    0	    0	    0	    0	    0	    0	    0	    1	    0	    1	    1	    0	    0	    1	    0	    0	    1	    0	    0	    0	
    1	    1	    0	    0	    1	    0	    1	    0	    0	    0	    0	    1	    0	    1	    1	    0	    0	    1	    1	    0	    0	    0	    0	    1	    1	    0	    0	    1	    0	    0	
    0	    1	    0	    0	    0	    1	    1	    1	    1	    1	    1	    0	    1	    0	    0	    0	    1	    0	    1	    0	    0	    0	    1	    0	    1	    0	    0	    0	    0	    0	
    1	    1	    1	    1	    1	    1	    1	    1	    0	    1	    1	    1	    1	    0	    0	    1	    1	    1	    1	    0	    1	    1	    1	    1	    1	    1	    0	    1	    0	    1	
    1	    0	    0	    0	    0	    0	    0	    1	    0	    1	    0	    0	    0	    1	    0	    0	    0	    0	    1	    1	    0	    1	    1	    0	    0	    0	    1	    0	    1	    1	
    1	    1	    1	    1	    1	    1	    1	    1	    1	    1	    1	    1	    1	    1	    1	    1	    1	    1	    1	    1	    1	    1	    1	    1	    1	    1	    1	    1	    1	    1	
    0	    0	    1	    0	    0	    0	    0	    0	    0	    0	    0	    0	    0	    0	    1	    0	    1	    0	    0	    1	    1	    0	    0	    0	    0	    0	    0	    0	    0	    0	
    0	    0	    1	    0	    1	    0	    1	    1	    0	    1	    1	    1	    0	    1	    0	    0	    0	    1	    0	    1	    1	    1	    0	    0	    0	    1	    0	    1	    1	    1	
    1	    1	    0	    1	    0	    0	    1	    1	    0	    0	    0	    1	    0	    0	    1	    0	    1	    1	    1	    1	    1	    1	    1	    1	    1	    0	    0	    1	    1	    1	
    0	    0	    0	    0	    0	    0	    0	    0	    0	    0	    0	    0	    0	    0	    0	    0	    0	    0	    0	    0	    0	    0	    0	    0	    1	    0	    0	    0	    0	    0	
    1	    1	    1	    1	    1	    0	    1	    1	    0	    1	    1	    1	    1	    1	    0	    0	    0	    1	    1	    0	    1	    0	    1	    1	    1	    1	    0	    1	    1	    1	
    1	    0	    1	    1	    1	    1	    1	    1	    1	    1	    1	    1	    1	    1	    1	    0	    1	    1	    0	    1	    1	    1	    1	    1	    1	    0	    1	    1	    1	    1	
    0	    0	    1	    0	    0	    0	    1	    0	    0	    0	    0	    0	    0	    0	    0	    1	    0	    0	    0	    0	    0	    0	    0	    0	    0	    0	    0	    0	    0	    0	
    0	    0	    1	    0	    0	    0	    0	    0	    0	    0	    0	    0	    1	    0	    1	    1	    1	    0	    0	    1	    1	    0	    1	    0	    0	    1	    0	    0	    0	    1	
    1	    1	    0	    1	    1	    1	    0	    1	    1	    1	    1	    1	    0	    1	    1	    1	    1	    1	    1	    1	    1	    1	    1	    1	    1	    1	    1	    1	    1	    1	
    1	    1	    1	    1	    1	    1	    1	    1	    1	    1	    1	    1	    1	    1	    1	    1	    1	    1	    1	    1	    1	    1	    1	    1	    1	    1	    1	    1	    1	    1	
    1	    1	    1	    1	    1	    1	    1	    1	    1	    1	    1	    1	    1	    1	    1	    1	    1	    1	    1	    1	    1	    1	    1	    1	    1	    1	    1	    1	    1	    1	
    1	    0	    1	    1	    0	    1	    1	    0	    1	    0	    0	    1	    0	    1	    1	    0	    1	    1	    1	    1	    1	    1	    1	    1	    1	    1	    1	    1	    0	    1	
    1	    1	    1	    0	    1	    1	    0	    1	    0	    1	    1	    0	    1	    1	    1	    0	    1	    1	    0	    1	    0	    1	    1	    1	    0	    0	    0	    1	    1	    1	
    1	    1	    1	    1	    1	    1	    1	    1	    1	    1	    1	    1	    1	    1	    1	    1	    1	    1	    1	    1	    1	    1	    1	    1	    1	    1	    1	    1	    1	    1	
    1	    1	    0	    0	    0	    1	    0	    1	    1	    1	    1	    0	    1	    1	    1	    0	    0	    0	    0	    0	    0	    0	    1	    1	    1	    0	    1	    1	    1	    1	
    1	    1	    0	    1	    1	    0	    0	    0	    1	    1	    1	    0	    1	    1	    0	    1	    0	    1	    1	    1	    0	    1	    0	    1	    1	    1	    1	    0	    0	    1	
    1	    0	    1	    0	    1	    1	    1	    1	    1	    1	    1	    1	    1	    1	    1	    1	    1	    1	    1	    1	    1	    0	    0	    0	    1	    1	    1	    1	    0	    1	
    1	    0	    1	    0	    1	    0	    0	    0	    1	    0	    0	    0	    0	    0	    1	    1	    1	    1	    1	    0	    0	    0	    1	    1	    1	    0	    0	    1	    1	    0	
    1	    1	    0	    1	    1	    0	    1	    0	    1	    1	    0	    1	    1	    1	    0	    1	    1	    1	    1	    1	    0	    1	    1	    1	    0	    1	    1	    0	    1	    1	
    1	    1	    1	    1	    1	    1	    0	    0	    1	    1	    1	    1	    1	    0	    1	    1	    0	    1	    1	    1	    1	    0	    0	    0	    1	    1	    1	    1	    1	    1	
    0	    0	    0	    1	    0	    0	    1	    0	    0	    0	    0	    0	    1	    0	    0	    0	    0	    0	    0	    0	    0	    1	    0	    0	    0	    0	    0	    0	    0	    1	
    1	    0	    1	    1	    1	    1	    1	    1	    1	    1	    1	    1	    1	    1	    1	    1	    1	    1	    1	    1	    1	    1	    1	    1	    1	    1	    1	    1	    1	    1	
    0	    1	    1	    1	    1	    1	    0	    1	    0	    0	    0	    0	    0	    0	    1	    1	    1	    0	    1	    0	    1	    1	    1	    1	    1	    1	    1	    1	    0	    0	
    0	    0	    0	    1	    0	    0	    0	    0	    0	    1	    0	    0	    0	    0	    0	    0	    0	    1	    0	    0	    0	    0	    0	    0	    1	    0	    0	    0	    0	    0	
    1	    1	    1	    1	    0	    1	    1	    1	    0	    0	    1	    1	    1	    1	    0	    1	    0	    1	    1	    1	    1	    1	    1	    1	    1	    1	    1	    1	    1	    1	
    1	    1	    1	    1	    1	    1	    1	    1	    0	    1	    1	    1	    1	    1	    1	    1	    1	    1	    1	    0	    1	    1	    1	    1	    1	    1	    1	    1	    1	    1	
    1	    0	    1	    1	    0	    0	    0	    0	    0	    0	    1	    1	    0	    0	    1	    0	    0	    0	    0	    0	    1	    0	    0	    0	    1	    0	    1	    0	    1	    0	
    1	    1	    0	    1	    1	    0	    1	    1	    1	    1	    1	    1	    1	    1	    0	    1	    1	    1	    0	    1	    0	    1	    1	    1	    1	    1	    1	    1	    1	    1	
    1	    1	    1	    0	    0	    0	    0	    0	    0	    0	    1	    0	    1	    1	    0	    1	    1	    0	    0	    0	    0	    0	    0	    1	    1	    0	    0	    0	    0	    1	
    0	    0	    0	    1	    1	    0	    1	    1	    1	    0	    1	    0	    1	    0	    1	    1	    1	    1	    1	    1	    1	    1	    1	    1	    1	    1	    1	    1	    1	    1	
    0	    0	    0	    1	    1	    0	    0	    0	    0	    1	    0	    0	    0	    1	    0	    0	    1	    0	    0	    0	    0	    0	    0	    0	    1	    1	    1	    0	    0	    1	
    1	    1	    1	    1	    1	    0	    1	    0	    1	    1	    1	    1	    0	    0	    0	    1	    1	    1	    0	    0	    0	    0	    1	    0	    1	    1	    0	    1	    1	    0	
    1	    1	    0	    1	    1	    1	    1	    1	    1	    1	    0	    1	    1	    1	    1	    1	    0	    1	    1	    0	    0	    1	    1	    1	    1	    0	    0	    1	    1	    1	
    0	    1	    0	    1	    1	    0	    1	    1	    0	    1	    1	    0	    1	    1	    1	    1	    0	    1	    0	    1	    1	    1	    1	    1	    1	    0	    0	    1	    1	    1	
    1	    0	    1	    1	    1	    1	    1	    1	    1	    1	    1	    1	    1	    0	    1	    1	    1	    1	    1	    1	    1	    1	    1	    1	    0	    0	    1	    1	    1	    1	
    1	    0	    1	    1	    1	    0	    0	    0	    1	    0	    1	    0	    1	    0	    1	    1	    1	    0	    0	    0	    0	    0	    1	    1	    1	    0	    1	    0	    0	    0	
    1	    1	    1	    1	    1	    1	    0	    1	    1	    1	    1	    1	    1	    1	    1	    0	    1	    1	    1	    1	    1	    1	    1	    1	    1	    1	    0	    1	    1	    1	
    0	    0	    0	    0	    0	    0	    0	    0	    0	    1	    0	    0	    0	    1	    0	    1	    0	    0	    0	    0	    0	    0	    0	    0	    0	    0	    0	    1	    0	    0	
    0	    1	    1	    1	    1	    1	    0	    1	    1	    1	    1	    1	    1	    1	    1	    1	    1	    1	    1	    1	    1	    1	    1	    1	    0	    1	    1	    1	    1	    0	
    0	    0	    0	    0	    0	    0	    0	    0	    0	    1	    1	    0	    0	    0	    0	    0	    0	    0	    0	    0	    1	    0	    0	    0	    1	    0	    0	    0	    0	    1	
    1	    0	    0	    0	    1	    1	    0	    0	    0	    1	    0	    1	    1	    0	    1	    0	    0	    1	    1	    1	    1	    1	    1	    0	    1	    0	    1	    1	    1	    0	
    0	    1	    0	    0	    0	    0	    1	    0	    0	    0	    1	    1	    1	    1	    0	    0	    0	    1	    0	    1	    1	    1	    1	    0	    1	    1	    1	    1	    1	    1	
    1	    0	    0	    1	    0	    0	    1	    1	    0	    0	    0	    1	    1	    1	    1	    0	    0	    0	    1	    1	    1	    1	    1	    0	    1	    0	    1	    0	    0	    0	
    0	    1	    0	    1	    1	    0	    1	    1	    1	    1	    0	    1	    0	    1	    1	    1	    1	    0	    1	    1	    0	    1	    1	    1	    1	    0	    1	    0	    0	    0	
    1	    0	    0	    1	    0	    0	    0	    0	    1	    1	    1	    0	    1	    0	    1	    0	    0	    0	    0	    0	    1	    0	    0	    0	    0	    0	    0	    0	    1	    0	
    0	    0	    0	    0	    1	    0	    0	    0	    0	    1	    0	    0	    0	    1	    1	    0	    0	    0	    0	    0	    0	    1	    1	    0	    1	    0	    0	    0	    0	    0	
    0	    0	    0	    0	    0	    1	    0	    1	    0	    0	    1	    1	    0	    0	    0	    0	    0	    0	    0	    0	    0	    0	    0	    1	    0	    0	    1	    1	    0	    0	
    0	    0	    1	    0	    1	    1	    1	    1	    1	    1	    1	    0	    1	    1	    1	    0	    1	    1	    1	    0	    1	    1	    1	    1	    1	    1	    1	    1	    1	    1	
    1	    1	    1	    1	    1	    1	    1	    1	    1	    1	    1	    1	    1	    1	    1	    1	    1	    1	    1	    1	    1	    1	    1	    0	    1	    1	    1	    1	    0	    1	
    1	    0	    1	    1	    1	    1	    1	    0	    1	    1	    1	    1	    1	    0	    1	    1	    1	    1	    1	    1	    1	    1	    1	    1	    1	    1	    0	    1	    0	    1	
    0	    0	    0	    0	    0	    0	    0	    1	    0	    0	    0	    0	    0	    0	    0	    0	    0	    0	    0	    0	    0	    0	    0	    0	    0	    0	    0	    0	    0	    0	
    1	    0	    0	    0	    1	    1	    1	    0	    1	    1	    0	    1	    1	    0	    1	    0	    1	    0	    1	    0	    0	    0	    1	    0	    0	    0	    1	    0	    0	    0	
    0	    0	    0	    0	    0	    0	    0	    0	    0	    0	    0	    0	    0	    0	    0	    0	    0	    0	    0	    0	    0	    0	    0	    0	    0	    0	    0	    1	    0	    0	
    0	    1	    1	    1	    1	    0	    1	    1	    1	    1	    1	    1	    1	    1	    0	    1	    1	    1	    1	    0	    0	    1	    1	    1	    1	    1	    1	    0	    1	    0	
    1	    1	    1	    1	    1	    0	    1	    0	    1	    1	    0	    1	    1	    1	    0	    1	    1	    1	    1	    1	    1	    0	    1	    1	    1	    1	    1	    1	    1	    1	
    0	    0	    0	    0	    0	    0	    0	    0	    0	    0	    0	    0	    0	    0	    0	    0	    0	    0	    0	    0	    0	    0	    0	    0	    0	    0	    0	    0	    0	    1	
    1	    1	    1	    1	    1	    1	    1	    1	    1	    1	    1	    1	    1	    1	    1	    1	    1	    1	    1	    1	    1	    1	    1	    1	    1	    1	    1	    1	    1	    1	
    1	    0	    1	    1	    1	    0	    1	    1	    1	    1	    1	    1	    1	    1	    1	    0	    1	    0	    1	    1	    1	    0	    1	    0	    1	    1	    1	    0	    1	    1	
    1	    0	    1	    0	    1	    1	    0	    0	    1	    0	    0	    1	    1	    0	    0	    0	    0	    0	    0	    0	    0	    0	    0	    0	    0	    1	    1	    0	    1	    1	
    0	    0	    0	    0	    1	    0	    0	    1	    0	    0	    0	    0	    0	    1	    0	    0	    0	    0	    1	    0	    0	    0	    0	    0	    0	    0	    0	    1	    0	    0	
    1	    0	    1	    1	    0	    1	    1	    1	    1	    1	    1	    1	    1	    1	    1	    1	    1	    1	    1	    1	    1	    1	    0	    1	    0	    1	    1	    1	    1	    1	
    1	    1	    1	    1	    0	    1	    1	    1	    1	    1	    1	    1	    1	    1	    1	    1	    1	    1	    1	    1	    1	    1	    1	    1	    0	    1	    1	    1	    1	    1	
    0	    1	    0	    1	    0	    1	    0	    1	    0	    0	    1	    1	    1	    0	    1	    1	    0	    1	    0	    1	    0	    1	    1	    0	    1	    1	    0	    1	    1	    1	
    1	    1	    1	    0	    0	    0	    1	    1	    0	    1	    0	    0	    0	    1	    1	    0	    0	    0	    1	    0	    0	    1	    1	    0	    0	    0	    0	    0	    1	    0	
    1	    0	    1	    1	    1	    1	    0	    0	    1	    0	    1	    1	    0	    0	    0	    0	    0	    0	    1	    0	    0	    0	    1	    0	    0	    1	    0	    0	    0	    0	
    1	    0	    1	    1	    1	    0	    1	    1	    0	    1	    1	    1	    1	    1	    1	    1	    1	    1	    0	    0	    0	    1	    1	    1	    1	    0	    1	    1	    0	    1	
    0	    0	    1	    0	    0	    1	    0	    1	    0	    0	    1	    1	    0	    1	    0	    1	    0	    0	    0	    1	    1	    1	    1	    1	    0	    0	    1	    0	    0	    0	
    1	    1	    1	    0	    1	    1	    1	    1	    1	    1	    1	    0	    0	    1	    0	    1	    1	    1	    0	    1	    1	    1	    1	    1	    1	    1	    1	    1	    1	    1	
    1	    1	    1	    1	    0	    0	    1	    1	    0	    0	    1	    0	    1	    1	    1	    1	    1	    0	    1	    0	    1	    0	    1	    0	    1	    1	    0	    0	    1	    0	
    0	    1	    1	    0	    0	    0	    0	    1	    1	    0	    1	    1	    1	    1	    1	    1	    1	    0	    0	    1	    1	    1	    1	    1	    1	    0	    1	    0	    1	    0	
    0	    0	    0	    1	    1	    0	    0	    1	    1	    0	    1	    0	    1	    0	    1	    0	    0	    0	    1	    1	    1	    1	    0	    1	    1	    1	    0	    1	    1	    1	
    0	    0	    0	    1	    0	    1	    1	    1	    0	    1	    1	    0	    0	    0	    0	    1	    1	    0	    0	    1	    1	    0	    1	    1	    0	    0	    0	    1	    1	    0	
    1	    0	    1	    1	    1	    0	    1	    1	    1	    0	    1	    1	    1	    1	    0	    0	    0	    0	    0	    1	    0	    1	    1	    1	    1	    0	    1	    1	    0	    0	
    0	    0	    0	    0	    0	    0	    0	    0	    0	    1	    0	    0	    0	    0	    0	    1	    1	    0	    0	    0	    1	    0	    0	    0	    0	    1	    0	    0	    0	    1	
    0	    1	    1	    0	    1	    1	    1	    0	    1	    1	    0	    0	    0	    1	    0	    1	    0	    0	    1	    0	    0	    0	    0	    1	    0	    0	    0	    0	    1	    1	
    1	    1	    0	    1	    1	    1	    1	    1	    1	    1	    1	    1	    1	    1	    0	    1	    1	    0	    1	    1	    1	    1	    1	    1	    1	    1	    1	    1	    1	    1	
    1	    0	    0	    1	    0	    0	    0	    0	    0	    0	    0	    0	    1	    1	    0	    1	    0	    0	    1	    0	    1	    0	    0	    1	    1	    1	    0	    0	    1	    0	
    0	    1	    0	    0	    0	    0	    1	    0	    0	    0	    1	    0	    0	    0	    0	    0	    0	    0	    0	    0	    0	    0	    1	    0	    0	    0	    0	    0	    0	    1	
    1	    1	    1	    1	    1	    1	    1	    1	    1	    1	    0	    1	    1	    1	    1	    1	    1	    1	    1	    1	    1	    1	    1	    1	    1	    1	    1	    1	    1	    1	
    1	    1	    1	    1	    1	    1	    1	    1	    1	    1	    1	    1	    1	    1	    1	    1	    1	    1	    1	    1	    1	    1	    1	    1	    1	    1	    1	    1	    1	    1	
    0	    1	    1	    0	    1	    1	    0	    1	    0	    1	    0	    0	    1	    0	    0	    1	    1	    0	    0	    1	    0	    1	    1	    1	    1	    0	    0	    1	    0	    1	
    0	    0	    0	    1	    0	    0	    1	    0	    0	    1	    0	    0	    0	    0	    0	    0	    0	    0	    0	    0	    0	    0	    0	    1	    0	    0	    1	    0	    0	    0	
    0	    0	    0	    0	    0	    1	    1	    0	    1	    1	    0	    0	    0	    1	    0	    0	    0	    0	    0	    0	    0	    0	    0	    1	    0	    0	    0	    1	    1	    1	
    0	    0	    1	    0	    1	    1	    1	    0	    0	    1	    0	    1	    0	    0	    0	    1	    0	    0	    0	    0	    0	    0	    0	    1	    1	    1	    0	    0	    0	    0	
    0	    0	    0	    0	    0	    0	    0	    1	    0	    0	    0	    0	    0	    0	    0	    0	    0	    0	    0	    0	    0	    0	    1	    0	    0	    0	    0	    0	    0	    0	
    1	    1	    1	    0	    0	    0	    1	    0	    0	    1	    1	    1	    0	    1	    0	    0	    1	    1	    1	    0	    0	    1	    1	    1	    0	    1	    1	    1	    1	    1	
    0	    0	    1	    0	    0	    0	    0	    1	    0	    1	    0	    0	    1	    0	    1	    0	    0	    0	    0	    0	    0	    1	    0	    0	    1	    1	    1	    1	    0	    0	
    1	    1	    1	    1	    1	    1	    1	    1	    1	    1	    1	    1	    0	    1	    1	    1	    1	    1	    1	    1	    1	    1	    1	    1	    1	    1	    1	    1	    1	    1	
    0	    0	    1	    1	    0	    0	    0	    0	    0	    1	    0	    1	    0	    0	    1	    1	    1	    1	    1	    1	    0	    1	    1	    0	    1	    1	    0	    1	    0	    1	
    0	    0	    0	    0	    0	    0	    0	    0	    0	    0	    0	    1	    1	    0	    0	    0	    1	    0	    0	    0	    0	    0	    0	    0	    0	    0	    1	    0	    0	    0	
    1	    1	    0	    1	    0	    1	    0	    1	    0	    1	    0	    0	    1	    0	    0	    0	    0	    0	    0	    0	    0	    0	    0	    0	    0	    1	    1	    0	    1	    0	
    0	    1	    1	    1	    1	    1	    1	    1	    1	    1	    1	    1	    1	    1	    1	    1	    1	    1	    1	    1	    1	    1	    1	    1	    1	    1	    1	    1	    1	    1	
    0	    0	    0	    0	    1	    1	    0	    0	    0	    0	    0	    1	    0	    0	    1	    1	    0	    0	    0	    1	    1	    1	    0	    0	    0	    1	    0	    0	    1	    0	
    1	    0	    1	    0	    0	    1	    0	    0	    1	    0	    0	    0	    0	    0	    0	    1	    0	    0	    0	    0	    0	    1	    0	    1	    0	    1	    1	    0	    0	    0	
    1	    1	    0	    1	    0	    1	    0	    0	    1	    1	    1	    0	    1	    0	    1	    0	    1	    1	    1	    0	    1	    0	    1	    1	    1	    1	    1	    1	    1	    1	
    1	    0	    1	    0	    1	    1	    1	    1	    1	    0	    1	    1	    1	    0	    1	    1	    1	    1	    0	    0	    1	    0	    1	    1	    1	    1	    1	    0	    1	    1	
    0	    0	    0	    0	    0	    0	    0	    0	    0	    0	    0	    0	    0	    0	    0	    0	    0	    0	    0	    0	    0	    0	    0	    1	    0	    0	    0	    0	    0	    0	
    1	    0	    1	    0	    1	    1	    1	    0	    1	    0	    1	    1	    0	    1	    0	    1	    1	    0	    1	    1	    1	    1	    1	    1	    1	    0	    1	    1	    0	    1	
    0	    0	    0	    0	    0	    1	    1	    0	    0	    0	    0	    0	    0	    0	    0	    1	    0	    1	    0	    0	    1	    1	    0	    1	    1	    0	    0	    1	    1	    1	
    0	    0	    0	    0	    0	    0	    0	    0	    0	    0	    0	    0	    0	    0	    0	    0	    1	    1	    0	    0	    0	    0	    0	    0	    0	    0	    0	    1	    0	    0	
    1	    1	    1	    1	    1	    0	    1	    1	    1	    1	    1	    1	    1	    1	    1	    1	    1	    1	    1	    1	    1	    1	    1	    1	    1	    1	    0	    1	    1	    1	
    1	    1	    1	    1	    1	    1	    1	    1	    1	    1	    1	    1	    1	    1	    1	    1	    1	    1	    1	    1	    1	    1	    0	    1	    1	    1	    1	    0	    1	    1	
    0	    0	    0	    0	    0	    0	    0	    0	    0	    0	    0	    0	    0	    0	    0	    0	    0	    1	    0	    0	    0	    0	    0	    0	    0	    0	    0	    0	    0	    0	
    0	    1	    1	    1	    1	    1	    0	    1	    0	    0	    1	    1	    0	    1	    0	    0	    1	    0	    0	    0	    0	    0	    0	    0	    0	    0	    0	    0	    1	    0	
    0	    1	    1	    1	    1	    0	    0	    0	    1	    0	    0	    0	    0	    1	    1	    0	    0	    1	    0	    0	    0	    0	    0	    0	    0	    0	    0	    0	    0	    0	
    1	    1	    0	    0	    0	    1	    0	    1	    1	    1	    1	    0	    1	    1	    0	    0	    0	    1	    0	    1	    0	    1	    0	    1	    0	    0	    0	    1	    1	    0	
    0	    0	    1	    0	    0	    0	    1	    0	    1	    0	    0	    1	    0	    1	    0	    1	    1	    1	    1	    1	    0	    0	    0	    1	    1	    1	    1	    0	    0	    0	
    1	    1	    1	    0	    1	    1	    1	    1	    1	    1	    1	    1	    0	    0	    1	    0	    0	    1	    1	    1	    1	    1	    1	    1	    0	    1	    1	    1	    1	    1	
    1	    1	    0	    1	    1	    0	    0	    0	    1	    0	    1	    1	    1	    0	    1	    0	    0	    0	    1	    1	    1	    1	    0	    1	    0	    0	    0	    1	    1	    0	
    1	    1	    1	    1	    1	    0	    1	    1	    1	    1	    1	    1	    1	    1	    1	    1	    1	    1	    1	    1	    1	    1	    0	    1	    1	    1	    1	    0	    0	    1	
    0	    0	    0	    0	    0	    0	    0	    0	    0	    0	    0	    0	    1	    1	    0	    0	    1	    0	    0	    1	    0	    1	    0	    0	    1	    1	    1	    0	    1	    0	
    1	    1	    1	    1	    1	    1	    0	    1	    0	    0	    1	    0	    0	    0	    1	    1	    1	    0	    1	    0	    0	    0	    1	    1	    1	    1	    1	    1	    1	    0	
    1	    1	    0	    1	    0	    1	    1	    1	    0	    1	    1	    1	    1	    1	    0	    1	    1	    1	    0	    1	    1	    1	    0	    0	    1	    1	    0	    1	    1	    1	
    0	    1	    0	    0	    0	    1	    0	    1	    0	    1	    0	    1	    1	    1	    0	    0	    1	    0	    1	    1	    1	    1	    1	    1	    0	    1	    0	    1	    0	    1	
    1	    0	    0	    1	    1	    0	    0	    1	    1	    1	    0	    0	    1	    1	    1	    0	    1	    0	    0	    1	    1	    1	    0	    1	    0	    0	    1	    0	    0	    1	
    0	    1	    1	    0	    0	    0	    0	    0	    0	    0	    0	    0	    0	    0	    1	    1	    0	    0	    1	    1	    1	    1	    0	    0	    1	    0	    0	    0	    1	    1	
    1	    0	    0	    1	    0	    1	    1	    1	    1	    1	    0	    1	    1	    1	    1	    0	    0	    1	    0	    0	    0	    1	    0	    0	    1	    0	    0	    1	    1	    0	
    1	    0	    1	    0	    1	    1	    1	    1	    1	    1	    0	    0	    1	    1	    1	    0	    0	    1	    1	    1	    0	    0	    1	    1	    1	    1	    1	    1	    1	    0	
    1	    1	    0	    1	    1	    0	    0	    1	    1	    1	    0	    0	    1	    1	    0	    1	    1	    1	    1	    0	    1	    0	    1	    1	    1	    1	    1	    1	    1	    1	
    1	    0	    0	    0	    0	    0	    0	    0	    0	    0	    0	    0	    0	    0	    0	    0	    0	    0	    0	    0	    0	    0	    0	    0	    0	    0	    0	    0	    0	    0	
    0	    1	    0	    0	    0	    0	    0	    0	    0	    0	    0	    0	    0	    0	    0	    0	    0	    0	    0	    0	    0	    0	    0	    0	    0	    0	    0	    0	    0	    0	
    0	    0	    1	    0	    0	    0	    0	    0	    0	    0	    0	    0	    0	    0	    0	    0	    0	    0	    0	    0	    0	    0	    0	    0	    0	    0	    0	    0	    0	    0	
    0	    0	    0	    1	    0	    0	    0	    0	    0	    0	    0	    0	    0	    0	    0	    0	    0	    0	    0	    0	    0	    0	    0	    0	    0	    0	    0	    0	    0	    0	
    0	    0	    0	    0	    1	    0	    0	    0	    0	    0	    0	    0	    0	    0	    0	    0	    0	    0	    0	    0	    0	    0	    0	    0	    0	    0	    0	    0	    0	    0	
    0	    0	    0	    0	    0	    1	    0	    0	    0	    0	    0	    0	    0	    0	    0	    0	    0	    0	    0	    0	    0	    0	    0	    0	    0	    0	    0	    0	    0	    0	
    0	    0	    0	    0	    0	    0	    1	    0	    0	    0	    0	    0	    0	    0	    0	    0	    0	    0	    0	    0	    0	    0	    0	    0	    0	    0	    0	    0	    0	    0	
    0	    0	    0	    0	    0	    0	    0	    1	    0	    0	    0	    0	    0	    0	    0	    0	    0	    0	    0	    0	    0	    0	    0	    0	    0	    0	    0	    0	    0	    0	
    0	    0	    0	    0	    0	    0	    0	    0	    1	    0	    0	    0	    0	    0	    0	    0	    0	    0	    0	    0	    0	    0	    0	    0	    0	    0	    0	    0	    0	    0	
    0	    0	    0	    0	    0	    0	    0	    0	    0	    1	    0	    0	    0	    0	    0	    0	    0	    0	    0	    0	    0	    0	    0	    0	    0	    0	    0	    0	    0	    0	
    0	    0	    0	    0	    0	    0	    0	    0	    0	    0	    1	    0	    0	    0	    0	    0	    0	    0	    0	    0	    0	    0	    0	    0	    0	    0	    0	    0	    0	    0	
    0	    0	    0	    0	    0	    0	    0	    0	    0	    0	    0	    1	    0	    0	    0	    0	    0	    0	    0	    0	    0	    0	    0	    0	    0	    0	    0	    0	    0	    0	
    0	    0	    0	    0	    0	    0	    0	    0	    0	    0	    0	    0	    1	    0	    0	    0	    0	    0	    0	    0	    0	    0	    0	    0	    0	    0	    0	    0	    0	    0	
    0	    0	    0	    0	    0	    0	    0	    0	    0	    0	    0	    0	    0	    1	    0	    0	    0	    0	    0	    0	    0	    0	    0	    0	    0	    0	    0	    0	    0	    0	
    0	    0	    0	    0	    0	    0	    0	    0	    0	    0	    0	    0	    0	    0	    1	    0	    0	    0	    0	    0	    0	    0	    0	    0	    0	    0	    0	    0	    0	    0	
    0	    0	    0	    0	    0	    0	    0	    0	    0	    0	    0	    0	    0	    0	    0	    1	    0	    0	    0	    0	    0	    0	    0	    0	    0	    0	    0	    0	    0	    0	
    0	    0	    0	    0	    0	    0	    0	    0	    0	    0	    0	    0	    0	    0	    0	    0	    1	    0	    0	    0	    0	    0	    0	    0	    0	    0	    0	    0	    0	    0	
    0	    0	    0	    0	    0	    0	    0	    0	    0	    0	    0	    0	    0	    0	    0	    0	    0	    1	    0	    0	    0	    0	    0	    0	    0	    0	    0	    0	    0	    0	
    0	    0	    0	    0	    0	    0	    0	    0	    0	    0	    0	    0	    0	    0	    0	    0	    0	    0	    1	    0	    0	    0	    0	    0	    0	    0	    0	    0	    0	    0	
    0	    0	    0	    0	    0	    0	    0	    0	    0	    0	    0	    0	    0	    0	    0	    0	    0	    0	    0	    1	    0	    0	    0	    0	    0	    0	    0	    0	    0	    0	
    0	    0	    0	    0	    0	    0	    0	    0	    0	    0	    0	    0	    0	    0	    0	    0	    0	    0	    0	    0	    1	    0	    0	    0	    0	    0	    0	    0	    0	    0	
    0	    0	    0	    0	    0	    0	    0	    0	    0	    0	    0	    0	    0	    0	    0	    0	    0	    0	    0	    0	    0	    1	    0	    0	    0	    0	    0	    0	    0	    0	
    0	    0	    0	    0	    0	    0	    0	    0	    0	    0	    0	    0	    0	    0	    0	    0	    0	    0	    0	    0	    0	    0	    1	    0	    0	    0	    0	    0	    0	    0	
    0	    0	    0	    0	    0	    0	    0	    0	    0	    0	    0	    0	    0	    0	    0	    0	    0	    0	    0	    0	    0	    0	    0	    1	    0	    0	    0	    0	    0	    0	
    0	    0	    0	    0	    0	    0	    0	    0	    0	    0	    0	    0	    0	    0	    0	    0	    0	    0	    0	    0	    0	    0	    0	    0	    1	    0	    0	    0	    0	    0	
    0	    0	    0	    0	    0	    0	    0	    0	    0	    0	    0	    0	    0	    0	    0	    0	    0	    0	    0	    0	    0	    0	    0	    0	    0	    1	    0	    0	    0	    0	
    0	    0	    0	    0	    0	    0	    0	    0	    0	    0	    0	    0	    0	    0	    0	    0	    0	    0	    0	    0	    0	    0	    0	    0	    0	    0	    1	    0	    0	    0	
    0	    0	    0	    0	    0	    0	    0	    0	    0	    0	    0	    0	    0	    0	    0	    0	    0	    0	    0	    0	    0	    0	    0	    0	    0	    0	    0	    1	    0	    0	
    0	    0	    0	    0	    0	    0	    0	    0	    0	    0	    0	    0	    0	    0	    0	    0	    0	    0	    0	    0	    0	    0	    0	    0	    0	    0	    0	    0	    1	    0	
    0	    0	    0	    0	    0	    0	    0	    0	    0	    0	    0	    0	    0	    0	    0	    0	    0	    0	    0	    0	    0	    0	    0	    0	    0	    0	    0	    0	    0	    1	


0	65	85	115	110	100	50	100	75	65	35	120	105	65	105	45	35	50	85	65	100	105	120	100	60	45	70	80	40	75	90	100	110	40	80	85	55	50	80	85	80	95	50	80	115	70	120	75	110	115	115	45	40	45	100	100	50	70	50	80	115	105	75	90	110	45	90	120	95	40	100	100	60	45	105	115	50	55	70	30	30	45	85	60	80	75	60	120	80	55	50	45	60	45	115	95	65	105	40	40	35	110	95	115	105	35	110	120	100	45	50	100	95	60	55	65	80	60	90	45	55	100	85	105	105	60	65	115	115	120	105	35	70	75	90	105	105	80	75	50	110	75	100	60	50	60	55	35	65	90	60	80	40	30	115	50	65	30	85	110	30	40	75	95	95	60	95	90	45	40	35	95	45	45	120	40	75	60	120	40	115	75	65	40	100	65	115	60	35	115	110	105	80	95	85	85	90	50	65	35	95	60	60	60	60	60	60	60	60	60	60	60	60	60	60	60	60	60	60	60	60	60	60	60	60	60	60	60	60	60	60	
0	450	715	635	485	600	645	570	750	680	530	585	635	525	640	650	730	790	555	610	460	615	505	560	665	785	575	445	505	575	625	585	620	580	490	550	545	470	735	560	650	665	740	720	530	630	475	530	515	500	535	590	550	635	700	645	725	505	500	620	490	535	485	740	630	495	730	640	730	530	610	665	750	725	490	615	605	505	480	730	620	775	510	740	485	620	690	705	475	500	570	680	745	470	665	580	635	545	730	525	505	690	530	570	590	780	670	555	650	675	760	615	620	695	750	505	645	540	580	505	760	525	490	545	605	720	540	560	595	735	470	760	510	530	480	460	675	585	675	465	460	550	590	615	795	750	775	710	650	595	610	560	680	605	695	690	670	565	675	660	530	695	570	645	745	565	565	770	590	470	670	750	725	820	605	765	645	615	550	690	515	760	460	620	490	485	600	455	630	545	525	675	545	605	575	525	510	720	730	790	495	600	750	630	840	840	840	840	750	630	660	720	630	870	600	690	870	690	840	720	900	870	750	750	870	660	630	630	810	630	900	
1440	910	1165	1140	960	1090	1090	1070	1190	1120	930	1095	1125	1010	1135	1110	1130	1225	1045	1070	945	1130	1015	1060	1130	1220	1005	930	950	1045	1085	1075	1110	985	990	995	1015	915	1210	1055	1150	1170	1150	1190	1055	1100	1000	995	1035	1020	1050	1050	960	1055	1185	1160	1155	990	915	1065	1005	1020	950	1200	1160	930	1195	1150	1190	990	1125	1130	1195	1180	995	1135	1065	960	915	1140	1020	1200	985	1175	975	1090	1115	1195	955	970	1010	1120	1215	915	1145	1070	1085	1020	1135	925	920	1185	1005	1070	1090	1195	1170	1075	1170	1090	1205	1130	1135	1165	1185	980	1105	965	1065	930	1200	1045	995	1070	1090	1190	1015	1080	1090	1235	945	1205	990	1005	945	985	1165	1075	1140	885	930	1015	1085	1050	1215	1175	1240	1145	1115	1060	1090	1040	1105	1025	1205	1120	1140	955	1130	1180	955	1110	1005	1130	1210	1045	1070	1245	1035	900	1115	1230	1145	1225	1110	1200	1095	1065	1080	1140	1020	1230	925	1040	965	915	1120	885	1035	1065	1045	1185	1015	1105	1060	975	1010	1145	1195	1195	980	780	930	810	1020	1020	1020	1020	930	810	840	900	810	1050	780	870	1050	870	1020	900	1080	1050	930	930	1050	840	810	810	990	810	1080	


420	570	450	660	660	660	660	570	450	480	540	450	690	420	510	690	510	660	540	720	690	570	570	690	480	450	450	630	450	720	
960	1110	990	1200	1200	1200	1200	1110	990	1020	1080	990	1230	960	1050	1230	1050	1200	1080	1260	1230	1110	1110	1230	1020	990	990	1170	990	1260	


1342
16200


 40.000000	 50.000000 
 45.000000	 68.000000 
 45.000000	 70.000000 
 42.000000	 66.000000 
 42.000000	 68.000000 
 42.000000	 65.000000 
 40.000000	 69.000000 
 40.000000	 66.000000 
 38.000000	 68.000000 
 38.000000	 70.000000 
 35.000000	 66.000000 
 35.000000	 69.000000 
 25.000000	 85.000000 
 22.000000	 75.000000 
 22.000000	 85.000000 
 20.000000	 80.000000 
 20.000000	 85.000000 
 18.000000	 75.000000 
 15.000000	 75.000000 
 15.000000	 80.000000 
 30.000000	 50.000000 
 30.000000	 52.000000 
 28.000000	 52.000000 
 28.000000	 55.000000 
 25.000000	 50.000000 
 25.000000	 52.000000 
 25.000000	 55.000000 
 23.000000	 52.000000 
 23.000000	 55.000000 
 20.000000	 50.000000 
 20.000000	 55.000000 
 10.000000	 35.000000 
 10.000000	 40.000000 
  8.000000	 40.000000 
  8.000000	 45.000000 
  5.000000	 35.000000 
  5.000000	 45.000000 
  2.000000	 40.000000 
  0.000000	 40.000000 
  0.000000	 45.000000 
 35.000000	 30.000000 
 35.000000	 32.000000 
 33.000000	 32.000000 
 33.000000	 35.000000 
 32.000000	 30.000000 
 30.000000	 30.000000 
 30.000000	 32.000000 
 30.000000	 35.000000 
 28.000000	 30.000000 
 28.000000	 35.000000 
 26.000000	 32.000000 
 25.000000	 30.000000 
 25.000000	 35.000000 
 44.000000	  5.000000 
 42.000000	 10.000000 
 42.000000	 15.000000 
 40.000000	  5.000000 
 40.000000	 15.000000 
 38.000000	  5.000000 
 38.000000	 15.000000 
 35.000000	  5.000000 
 50.000000	 30.000000 
 50.000000	 35.000000 
 50.000000	 40.000000 
 48.000000	 30.000000 
 48.000000	 40.000000 
 47.000000	 35.000000 
 47.000000	 40.000000 
 45.000000	 30.000000 
 45.000000	 35.000000 
 95.000000	 30.000000 
 95.000000	 35.000000 
 53.000000	 30.000000 
 92.000000	 30.000000 
 53.000000	 35.000000 
 45.000000	 65.000000 
 90.000000	 35.000000 
 88.000000	 30.000000 
 88.000000	 35.000000 
 87.000000	 30.000000 
 85.000000	 25.000000 
 85.000000	 35.000000 
 75.000000	 55.000000 
 72.000000	 55.000000 
 70.000000	 58.000000 
 68.000000	 60.000000 
 66.000000	 55.000000 
 65.000000	 55.000000 
 65.000000	 60.000000 
 63.000000	 58.000000 
 60.000000	 55.000000 
 60.000000	 60.000000 
 67.000000	 85.000000 
 65.000000	 85.000000 
 65.000000	 82.000000 
 62.000000	 80.000000 
 60.000000	 80.000000 
 60.000000	 85.000000 
 58.000000	 75.000000 
 55.000000	 80.000000 
 55.000000	 85.000000 
 53.000000	 35.000000 
 95.000000	 30.000000 
 38.000000	 68.000000 
 38.000000	 15.000000 
 95.000000	 35.000000 
 30.000000	 35.000000 
 45.000000	 70.000000 
  0.000000	 40.000000 
 35.000000	  5.000000 
 90.000000	 35.000000 
 38.000000	 68.000000 
 35.000000	 32.000000 
 65.000000	 60.000000 
 28.000000	 52.000000 
 40.000000	  5.000000 
 10.000000	 40.000000 
 30.000000	 30.000000 
 40.000000	 15.000000 
 65.000000	 85.000000 
 45.000000	 70.000000 
 95.000000	 30.000000 
  0.000000	 45.000000 
 25.000000	 35.000000 
 45.000000	 70.000000 
 42.000000	 68.000000 
 87.000000	 30.000000 
 42.000000	 15.000000 
 30.000000	 50.000000 
 30.000000	 35.000000 
 63.000000	 58.000000 
 30.000000	 35.000000 
 48.000000	 30.000000 
 42.000000	 15.000000 
 60.000000	 60.000000 
 20.000000	 50.000000 
 87.000000	 30.000000 
  8.000000	 40.000000 
 35.000000	 30.000000 
 30.000000	 52.000000 
 42.000000	 68.000000 
 10.000000	 35.000000 
 55.000000	 85.000000 
 45.000000	 65.000000 
 65.000000	 82.000000 
 15.000000	 75.000000 
 42.000000	 65.000000 
 90.000000	 35.000000 
 26.000000	 32.000000 
 47.000000	 35.000000 
 85.000000	 35.000000 
 33.000000	 35.000000 
 30.000000	 32.000000 
  5.000000	 45.000000 
 22.000000	 75.000000 
 38.000000	  5.000000 
 30.000000	 35.000000 
 42.000000	 15.000000 
 40.000000	 66.000000 
 38.000000	 15.000000 
 42.000000	 66.000000 
 25.000000	 35.000000 
 65.000000	 55.000000 
 30.000000	 52.000000 
 30.000000	 35.000000 
 67.000000	 85.000000 
 28.000000	 35.000000 
 28.000000	 52.000000 
  5.000000	 45.000000 
 28.000000	 55.000000 
 26.000000	 32.000000 
 65.000000	 55.000000 
 68.000000	 60.000000 
 63.000000	 58.000000 
 70.000000	 58.000000 
 10.000000	 35.000000 
 48.000000	 30.000000 
 20.000000	 85.000000 
 42.000000	 15.000000 
 25.000000	 85.000000 
 22.000000	 85.000000 
 45.000000	 65.000000 
 38.000000	 15.000000 
 30.000000	 52.000000 
 67.000000	 85.000000 
 25.000000	 52.000000 
 45.000000	 35.000000 
 28.000000	 35.000000 
 42.000000	 68.000000 
 75.000000	 55.000000 
  5.000000	 35.000000 
 72.000000	 55.000000 
 25.000000	 85.000000 
 53.000000	 30.000000 
 40.000000	 69.000000 
 35.000000	  5.000000 
 60.000000	 80.000000 
 22.000000	 75.000000 
 35.000000	 30.000000 
 25.000000	 85.000000 
 33.000000	 35.000000 
