
  200
   20


    0 
    6 
    6 
    7 
   10 
    4 
    8 
    3 
   10 
    5 
    4 
    2 
    5 
    4 
   10 
    3 
    8 
    6 
    3 
    1 
    7 
    5 
    3 
   10 
    3 
    8 
    2 
    7 
   10 
   10 
    6 
    7 
    9 
    3 
    2 
    2 
    9 
    2 
    9 
    7 
    4 
    1 
    3 
    5 
   10 
    4 
    3 
    7 
    5 
    8 
    4 
    9 
    8 
    8 
    1 
    3 
    3 
    3 
    8 
    3 
   10 
    1 
    5 
    7 
    4 
    9 
    1 
   10 
    2 
    9 
    3 
    9 
    8 
   10 
    1 
    7 
    9 
    1 
    6 
    7 
    3 
    3 
   10 
   10 
   10 
    8 
    6 
    7 
    6 
    1 
    5 
    8 
   10 
    8 
    5 
    5 
   10 
    2 
    4 
   10 
    5 
   10 
    5 
    8 
    3 
    4 
    2 
    7 
    8 
    5 
    7 
   10 
   10 
    9 
    9 
    4 
    2 
    1 
   10 
    8 
    3 
    3 
    4 
    5 
    8 
    7 
    6 
    6 
    2 
    8 
    7 
   10 
    3 
    4 
    9 
   10 
    8 
    4 
    3 
    9 
    4 
    4 
    2 
    1 
    1 
    3 
    1 
    6 
    5 
    3 
    6 
    5 
    8 
    6 
    9 
    6 
    7 
    7 
    5 
    3 
    3 
    7 
    6 
    8 
    2 
    6 
    8 
   10 
    9 
    3 
   10 
    1 
    8 
    2 
    6 
    3 
    5 
    7 
    3 
    8 
    3 
    5 
    9 
    2 
    4 
    4 
    9 
    4 
    6 
   10 
    3 
    7 
    1 
    5 
    3 
    3 
    1 
    1 
    2 
    3 
    5 
   10 
   10 
   10 
   10 
   10 
   10 
   10 
   10 
   10 
   10 
   10 
   10 
   10 
   10 
   10 
   10 
   10 
   10 
   10 
   10 

    0	    0	    0	    0	    0	    0	    0	    0	    0	    0	    0	    0	    0	    0	    0	    0	    0	    0	    0	    0	
    1	    1	    1	    1	    1	    0	    0	    0	    0	    0	    0	    0	    1	    1	    0	    0	    0	    0	    0	    0	
    1	    0	    0	    0	    1	    1	    0	    0	    0	    0	    1	    0	    1	    0	    0	    0	    1	    0	    1	    1	
    0	    0	    0	    0	    0	    0	    0	    0	    0	    1	    0	    0	    0	    0	    0	    0	    0	    0	    0	    0	
    0	    0	    0	    1	    1	    1	    0	    1	    0	    0	    0	    0	    1	    0	    0	    0	    0	    0	    0	    0	
    0	    0	    0	    0	    0	    0	    0	    0	    0	    0	    0	    0	    0	    1	    0	    0	    0	    0	    0	    0	
    0	    0	    0	    0	    0	    0	    0	    0	    1	    0	    0	    0	    0	    0	    1	    0	    0	    1	    0	    0	
    1	    1	    0	    1	    0	    0	    1	    0	    1	    1	    1	    1	    1	    1	    1	    1	    1	    1	    0	    1	
    1	    1	    1	    1	    1	    1	    1	    1	    1	    1	    1	    0	    1	    1	    1	    1	    0	    1	    1	    1	
    0	    0	    0	    0	    0	    0	    0	    0	    0	    0	    0	    0	    0	    0	    1	    0	    0	    0	    0	    0	
    0	    0	    0	    0	    0	    1	    0	    0	    0	    0	    0	    0	    0	    0	    0	    0	    0	    0	    0	    1	
    1	    1	    1	    1	    1	    1	    1	    1	    1	    1	    0	    1	    1	    1	    1	    1	    1	    1	    1	    1	
    0	    1	    0	    0	    0	    1	    0	    0	    0	    0	    0	    1	    0	    1	    0	    0	    1	    0	    1	    0	
    0	    0	    0	    0	    0	    0	    0	    0	    1	    0	    0	    0	    0	    0	    0	    0	    0	    0	    0	    0	
    1	    0	    1	    1	    0	    1	    1	    1	    1	    1	    1	    1	    1	    1	    1	    1	    0	    1	    1	    1	
    0	    0	    0	    1	    0	    1	    0	    0	    0	    1	    0	    0	    0	    0	    1	    1	    1	    0	    1	    1	
    0	    1	    0	    0	    1	    1	    1	    0	    1	    1	    0	    1	    1	    1	    1	    1	    1	    1	    0	    1	
    0	    0	    0	    1	    0	    0	    1	    0	    0	    0	    0	    0	    0	    0	    0	    1	    0	    0	    1	    0	
    0	    0	    0	    0	    0	    0	    0	    0	    0	    0	    0	    0	    0	    0	    0	    0	    0	    0	    1	    0	
    1	    1	    0	    0	    0	    0	    0	    0	    1	    1	    0	    0	    0	    0	    0	    0	    0	    0	    0	    0	
    0	    1	    0	    1	    1	    1	    1	    0	    1	    1	    1	    1	    1	    0	    1	    0	    0	    1	    1	    1	
    0	    0	    0	    1	    0	    1	    0	    1	    1	    0	    0	    0	    0	    0	    1	    0	    1	    0	    0	    1	
    1	    1	    1	    1	    0	    1	    1	    1	    1	    0	    1	    1	    0	    1	    1	    0	    1	    0	    1	    1	
    1	    1	    1	    1	    0	    1	    1	    1	    1	    1	    1	    0	    1	    1	    1	    1	    1	    1	    1	    1	
    0	    1	    1	    1	    1	    1	    0	    0	    0	    0	    0	    1	    1	    0	    0	    0	    1	    1	    0	    1	
    0	    0	    0	    1	    1	    0	    1	    0	    0	    0	    0	    0	    0	    0	    0	    0	    0	    0	    0	    0	
    0	    0	    0	    1	    0	    0	    0	    0	    1	    0	    0	    0	    1	    0	    0	    0	    0	    0	    0	    0	
    1	    1	    1	    1	    1	    1	    1	    1	    1	    1	    1	    1	    1	    1	    1	    1	    1	    1	    1	    1	
    1	    1	    0	    0	    1	    1	    1	    1	    1	    1	    0	    1	    1	    0	    1	    0	    0	    1	    1	    0	
    1	    1	    0	    1	    1	    1	    1	    1	    1	    1	    0	    1	    1	    1	    1	    0	    1	    1	    1	    0	
    0	    1	    0	    0	    1	    0	    1	    0	    0	    0	    0	    0	    0	    0	    0	    0	    0	    0	    0	    0	
    0	    0	    0	    0	    0	    0	    0	    0	    0	    0	    0	    0	    0	    1	    0	    0	    0	    0	    1	    0	
    1	    1	    1	    0	    1	    0	    1	    0	    1	    1	    1	    0	    1	    1	    1	    1	    1	    0	    1	    1	
    0	    1	    0	    0	    1	    0	    0	    0	    0	    0	    0	    0	    0	    0	    0	    0	    0	    0	    0	    0	
    1	    0	    0	    0	    0	    1	    1	    0	    1	    0	    0	    1	    0	    0	    0	    1	    0	    0	    1	    1	
    0	    0	    0	    0	    1	    1	    0	    1	    1	    0	    1	    0	    0	    1	    0	    0	    0	    0	    0	    0	
    1	    1	    1	    1	    1	    1	    1	    1	    1	    1	    1	    1	    1	    1	    1	    1	    1	    1	    1	    1	
    0	    0	    0	    0	    0	    0	    1	    0	    0	    0	    1	    0	    0	    0	    0	    0	    0	    0	    0	    0	
    1	    1	    0	    0	    0	    0	    0	    0	    0	    0	    0	    0	    0	    0	    1	    1	    0	    0	    0	    1	
    0	    1	    0	    0	    0	    0	    0	    0	    0	    0	    1	    0	    0	    1	    0	    0	    0	    0	    0	    0	
    0	    1	    0	    1	    0	    1	    0	    1	    0	    0	    1	    0	    1	    0	    1	    0	    0	    1	    0	    0	
    1	    1	    1	    1	    1	    1	    0	    1	    1	    0	    1	    1	    0	    1	    0	    1	    1	    0	    0	    1	
    0	    1	    1	    1	    1	    1	    1	    0	    1	    1	    1	    1	    1	    1	    1	    1	    1	    1	    1	    1	
    0	    1	    1	    0	    1	    0	    0	    0	    0	    0	    0	    0	    0	    0	    1	    0	    0	    0	    0	    1	
    1	    0	    1	    1	    0	    1	    1	    1	    1	    0	    0	    0	    1	    1	    0	    1	    1	    1	    1	    1	
    1	    1	    1	    1	    1	    1	    1	    1	    1	    1	    1	    1	    1	    1	    0	    1	    1	    1	    1	    1	
    1	    0	    0	    0	    1	    0	    0	    0	    1	    0	    1	    1	    0	    1	    0	    1	    0	    0	    1	    1	
    1	    1	    1	    0	    1	    1	    0	    1	    1	    0	    1	    0	    1	    1	    1	    1	    0	    0	    0	    1	
    0	    1	    0	    0	    0	    0	    1	    1	    0	    1	    0	    0	    0	    0	    1	    0	    0	    0	    0	    1	
    1	    0	    1	    1	    0	    1	    1	    1	    0	    0	    0	    0	    1	    0	    1	    0	    0	    1	    1	    1	
    0	    0	    0	    0	    0	    1	    0	    1	    0	    0	    0	    0	    1	    0	    0	    1	    0	    0	    0	    0	
    1	    0	    0	    0	    1	    1	    0	    1	    1	    1	    0	    0	    1	    1	    0	    1	    1	    0	    1	    1	
    0	    1	    0	    1	    0	    1	    0	    1	    1	    1	    1	    0	    1	    0	    1	    1	    0	    1	    1	    1	
    0	    0	    1	    0	    0	    0	    0	    0	    1	    1	    0	    0	    0	    0	    0	    0	    0	    1	    0	    0	
    0	    0	    1	    0	    0	    0	    0	    0	    0	    0	    0	    0	    0	    0	    0	    0	    0	    0	    0	    0	
    1	    1	    1	    1	    1	    0	    0	    0	    1	    1	    0	    1	    0	    1	    1	    1	    1	    1	    1	    1	
    1	    0	    0	    1	    1	    1	    1	    0	    0	    1	    0	    0	    0	    0	    0	    0	    0	    0	    0	    0	
    1	    1	    0	    1	    1	    0	    0	    1	    0	    1	    1	    0	    0	    1	    1	    1	    1	    1	    1	    1	
    1	    0	    0	    1	    0	    0	    0	    1	    1	    0	    1	    1	    0	    0	    0	    0	    0	    1	    1	    1	
    0	    1	    1	    1	    1	    0	    0	    1	    1	    0	    1	    1	    0	    1	    1	    1	    0	    1	    1	    1	
    0	    0	    0	    0	    0	    0	    0	    0	    0	    1	    0	    0	    0	    0	    0	    0	    0	    0	    0	    1	
    1	    0	    0	    1	    0	    1	    0	    1	    0	    0	    0	    1	    0	    0	    1	    1	    1	    0	    0	    1	
    1	    0	    1	    1	    0	    1	    1	    1	    1	    1	    0	    0	    1	    0	    0	    1	    1	    1	    0	    1	
    0	    1	    1	    0	    0	    1	    0	    1	    1	    1	    1	    0	    0	    0	    0	    1	    0	    0	    1	    1	
    0	    0	    1	    0	    1	    1	    0	    0	    0	    0	    0	    0	    0	    0	    1	    0	    1	    0	    1	    0	
    0	    0	    0	    0	    0	    0	    0	    1	    0	    0	    0	    0	    0	    0	    0	    0	    0	    0	    0	    0	
    0	    0	    1	    1	    1	    1	    1	    1	    1	    1	    0	    0	    1	    1	    0	    1	    1	    0	    0	    1	
    1	    1	    1	    1	    1	    1	    1	    1	    1	    1	    1	    0	    1	    1	    1	    1	    1	    1	    1	    1	
    1	    0	    1	    1	    1	    0	    1	    1	    1	    0	    0	    1	    0	    1	    1	    0	    0	    0	    1	    0	
    1	    0	    1	    0	    1	    1	    1	    1	    1	    1	    1	    1	    1	    0	    1	    1	    1	    1	    1	    1	
    1	    1	    1	    1	    1	    1	    1	    1	    0	    1	    0	    0	    1	    1	    0	    1	    1	    1	    1	    1	
    1	    1	    1	    0	    0	    1	    1	    0	    1	    1	    0	    1	    1	    1	    1	    1	    1	    1	    0	    0	
    1	    0	    0	    0	    1	    0	    1	    0	    1	    0	    1	    0	    0	    0	    1	    0	    0	    1	    0	    0	
    0	    0	    0	    0	    0	    0	    1	    0	    0	    0	    1	    1	    1	    1	    0	    0	    0	    1	    0	    0	
    0	    0	    0	    0	    0	    0	    0	    0	    1	    0	    0	    0	    0	    0	    0	    0	    0	    0	    0	    0	
    0	    1	    1	    1	    0	    0	    0	    0	    0	    0	    0	    0	    1	    1	    1	    1	    1	    0	    0	    0	
    1	    1	    1	    1	    1	    1	    1	    1	    0	    1	    1	    1	    1	    1	    1	    1	    1	    1	    1	    1	
    0	    1	    1	    1	    1	    1	    0	    0	    1	    1	    1	    1	    1	    1	    1	    1	    1	    1	    1	    1	
    1	    1	    0	    1	    1	    0	    0	    1	    1	    0	    1	    1	    1	    1	    1	    1	    1	    0	    1	    0	
    1	    1	    1	    1	    1	    0	    1	    1	    1	    1	    1	    1	    1	    0	    1	    1	    1	    0	    1	    1	
    1	    1	    1	    0	    1	    1	    1	    1	    1	    1	    1	    1	    1	    1	    1	    1	    1	    1	    1	    0	
    0	    1	    1	    0	    1	    1	    1	    1	    0	    1	    1	    1	    1	    0	    0	    0	    1	    0	    0	    0	
    0	    0	    0	    0	    0	    1	    0	    0	    0	    0	    0	    0	    0	    0	    0	    0	    1	    0	    0	    1	
    0	    1	    1	    1	    1	    1	    1	    1	    1	    0	    0	    1	    1	    0	    1	    1	    1	    1	    1	    1	
    0	    0	    0	    0	    1	    0	    0	    0	    0	    1	    0	    0	    0	    0	    1	    1	    0	    0	    0	    0	
    1	    1	    1	    1	    1	    1	    1	    0	    1	    1	    1	    0	    1	    1	    1	    1	    1	    1	    0	    1	
    0	    0	    0	    0	    0	    0	    1	    1	    0	    0	    0	    1	    1	    0	    0	    0	    0	    0	    0	    0	
    1	    1	    1	    1	    1	    1	    1	    0	    1	    1	    1	    1	    0	    1	    1	    1	    1	    1	    1	    1	
    1	    1	    0	    0	    1	    1	    1	    1	    0	    1	    1	    1	    1	    0	    1	    0	    1	    1	    1	    1	
    1	    0	    1	    1	    1	    0	    0	    0	    1	    0	    1	    0	    1	    1	    0	    1	    0	    1	    1	    1	
    1	    1	    0	    0	    0	    0	    0	    0	    0	    1	    1	    0	    0	    1	    0	    0	    1	    0	    0	    1	
    1	    1	    0	    1	    1	    1	    1	    1	    1	    0	    1	    1	    1	    1	    1	    1	    1	    1	    1	    1	
    1	    1	    1	    1	    1	    1	    1	    1	    1	    1	    0	    1	    1	    1	    1	    1	    0	    0	    1	    1	
    0	    0	    0	    0	    0	    0	    0	    1	    0	    0	    0	    0	    0	    0	    0	    0	    0	    0	    0	    0	
    0	    0	    0	    0	    0	    0	    1	    0	    0	    1	    0	    1	    0	    0	    0	    0	    0	    0	    0	    0	
    0	    0	    0	    1	    1	    0	    0	    0	    0	    0	    1	    0	    1	    1	    1	    0	    0	    1	    0	    0	
    1	    0	    1	    1	    1	    0	    0	    1	    0	    0	    0	    1	    0	    0	    1	    1	    1	    1	    1	    0	
    0	    1	    0	    0	    1	    1	    1	    0	    0	    0	    0	    0	    1	    0	    0	    0	    0	    0	    1	    0	
    1	    0	    1	    1	    1	    1	    1	    1	    1	    0	    1	    0	    1	    0	    1	    0	    1	    0	    1	    1	
    0	    0	    0	    1	    0	    0	    0	    1	    0	    0	    1	    0	    0	    0	    0	    0	    0	    0	    0	    0	
    1	    0	    1	    0	    1	    1	    0	    0	    1	    1	    1	    0	    0	    0	    1	    1	    0	    1	    1	    1	
    0	    0	    0	    0	    0	    0	    1	    0	    1	    1	    0	    0	    0	    1	    1	    0	    0	    1	    0	    0	
    1	    1	    1	    0	    0	    0	    0	    1	    0	    1	    1	    0	    1	    1	    1	    0	    1	    1	    0	    0	
    1	    1	    1	    1	    1	    1	    1	    1	    1	    1	    1	    1	    1	    1	    1	    1	    1	    0	    1	    1	
    1	    1	    1	    1	    1	    1	    0	    1	    1	    1	    1	    1	    1	    1	    1	    1	    1	    1	    1	    1	
    0	    0	    0	    0	    1	    1	    1	    1	    1	    1	    0	    0	    0	    0	    0	    1	    1	    0	    0	    0	
    0	    0	    0	    1	    0	    1	    0	    1	    0	    1	    0	    0	    0	    1	    0	    0	    0	    1	    0	    0	
    0	    1	    1	    1	    1	    0	    1	    1	    0	    0	    1	    1	    1	    1	    0	    1	    1	    0	    1	    1	
    0	    1	    1	    1	    0	    0	    0	    1	    0	    1	    0	    0	    1	    1	    1	    0	    1	    1	    0	    1	
    1	    0	    0	    0	    0	    0	    1	    1	    0	    0	    0	    1	    0	    0	    1	    1	    0	    0	    0	    1	
    0	    1	    0	    0	    0	    0	    1	    0	    0	    1	    1	    0	    1	    0	    0	    0	    0	    0	    1	    0	
    0	    1	    1	    0	    0	    0	    0	    1	    0	    0	    1	    0	    0	    0	    1	    0	    0	    1	    0	    0	
    0	    0	    0	    0	    0	    0	    0	    0	    0	    0	    0	    0	    0	    0	    0	    1	    0	    0	    0	    0	
    1	    1	    1	    1	    1	    1	    1	    1	    1	    1	    1	    1	    1	    1	    1	    0	    1	    1	    1	    1	
    1	    0	    1	    1	    1	    1	    0	    0	    0	    0	    1	    0	    1	    0	    0	    1	    1	    1	    1	    0	
    1	    1	    0	    1	    1	    1	    1	    1	    1	    0	    1	    0	    0	    1	    0	    1	    1	    0	    1	    1	
    0	    1	    0	    1	    1	    0	    1	    0	    1	    1	    1	    1	    1	    1	    0	    0	    0	    1	    1	    1	
    1	    1	    1	    0	    1	    1	    1	    1	    0	    1	    1	    1	    1	    0	    0	    1	    0	    1	    0	    0	
    0	    0	    1	    0	    1	    0	    1	    0	    0	    1	    1	    1	    0	    0	    1	    1	    1	    1	    0	    1	
    1	    1	    1	    1	    1	    1	    1	    1	    1	    1	    1	    1	    1	    1	    1	    1	    1	    1	    1	    1	
    1	    1	    0	    0	    1	    1	    1	    0	    0	    0	    0	    0	    0	    1	    1	    1	    0	    0	    1	    1	
    1	    1	    1	    0	    1	    1	    1	    1	    0	    1	    0	    0	    0	    1	    0	    0	    1	    0	    1	    1	
    0	    0	    0	    0	    1	    0	    0	    0	    1	    0	    0	    1	    0	    1	    0	    0	    0	    1	    1	    1	
    0	    1	    0	    0	    0	    1	    0	    0	    0	    1	    1	    0	    1	    1	    1	    1	    0	    1	    1	    1	
    0	    1	    0	    1	    0	    0	    0	    0	    1	    0	    0	    0	    1	    0	    1	    0	    0	    0	    1	    0	
    1	    1	    1	    0	    0	    0	    1	    0	    1	    0	    0	    0	    1	    0	    0	    0	    0	    0	    0	    0	
    0	    0	    1	    0	    1	    1	    0	    0	    0	    1	    1	    0	    1	    1	    1	    0	    1	    1	    1	    1	
    1	    1	    1	    1	    1	    1	    1	    1	    1	    1	    1	    1	    1	    1	    1	    1	    0	    1	    0	    1	
    0	    1	    1	    0	    1	    0	    1	    1	    1	    1	    0	    0	    0	    0	    1	    0	    1	    1	    1	    1	
    1	    1	    0	    1	    1	    1	    0	    0	    1	    1	    0	    1	    1	    1	    1	    1	    1	    1	    1	    1	
    0	    0	    1	    0	    0	    1	    0	    0	    0	    0	    0	    1	    0	    0	    0	    0	    0	    0	    0	    0	
    1	    0	    1	    1	    1	    1	    1	    1	    1	    1	    1	    1	    1	    1	    1	    1	    1	    1	    1	    1	
    1	    0	    1	    1	    1	    1	    1	    1	    1	    1	    1	    1	    1	    1	    1	    1	    1	    1	    1	    1	
    1	    1	    1	    1	    1	    1	    1	    0	    0	    0	    0	    1	    0	    0	    1	    1	    0	    0	    0	    0	
    1	    0	    0	    1	    1	    1	    0	    0	    0	    1	    0	    0	    0	    0	    1	    0	    1	    0	    0	    1	
    0	    0	    1	    1	    0	    0	    1	    0	    1	    0	    0	    0	    0	    0	    0	    1	    0	    0	    0	    0	
    1	    0	    1	    1	    0	    1	    1	    0	    1	    0	    1	    1	    1	    0	    1	    1	    1	    1	    0	    1	
    1	    1	    1	    0	    1	    1	    1	    1	    1	    1	    1	    1	    1	    1	    1	    1	    1	    1	    1	    0	
    1	    1	    0	    0	    0	    0	    0	    0	    1	    0	    1	    0	    0	    1	    1	    0	    0	    0	    0	    1	
    0	    0	    0	    1	    0	    0	    0	    1	    0	    1	    0	    0	    0	    0	    0	    0	    0	    0	    0	    1	
    1	    1	    1	    1	    1	    1	    1	    1	    0	    1	    1	    1	    1	    1	    1	    0	    1	    1	    0	    0	
    0	    0	    0	    0	    0	    0	    0	    0	    0	    0	    1	    0	    0	    0	    0	    0	    1	    0	    0	    0	
    1	    1	    1	    1	    1	    1	    0	    1	    0	    0	    1	    0	    1	    0	    1	    1	    1	    1	    1	    1	
    0	    0	    0	    0	    0	    1	    1	    1	    0	    1	    1	    1	    0	    1	    1	    0	    0	    0	    0	    0	
    1	    1	    1	    1	    0	    1	    1	    1	    1	    0	    1	    1	    1	    0	    0	    1	    1	    1	    1	    0	
    0	    0	    0	    0	    0	    0	    0	    0	    0	    0	    0	    1	    0	    0	    0	    1	    0	    1	    1	    0	
    0	    0	    0	    0	    0	    0	    0	    0	    0	    0	    0	    0	    0	    0	    1	    0	    1	    0	    0	    0	
    0	    0	    0	    0	    0	    0	    1	    1	    1	    1	    0	    0	    0	    0	    0	    1	    0	    0	    1	    0	
    0	    0	    0	    0	    0	    0	    0	    0	    0	    1	    1	    0	    0	    0	    0	    0	    0	    0	    0	    0	
    0	    0	    0	    0	    0	    0	    1	    0	    0	    0	    1	    1	    1	    0	    0	    0	    1	    0	    0	    0	
    0	    0	    0	    1	    0	    1	    1	    0	    1	    0	    1	    1	    0	    1	    1	    1	    0	    0	    1	    0	
    0	    1	    0	    1	    0	    1	    1	    1	    1	    1	    1	    1	    1	    1	    1	    1	    1	    1	    0	    1	
    1	    1	    1	    1	    0	    1	    1	    0	    1	    1	    1	    1	    1	    0	    1	    0	    1	    1	    0	    1	
    1	    1	    1	    1	    0	    0	    0	    0	    0	    1	    0	    0	    1	    1	    1	    1	    1	    0	    0	    1	
    1	    1	    1	    1	    1	    1	    1	    1	    1	    1	    1	    1	    1	    1	    1	    0	    1	    1	    1	    1	
    1	    1	    1	    1	    1	    1	    0	    1	    1	    1	    1	    0	    1	    1	    1	    0	    1	    1	    1	    1	
    0	    1	    0	    0	    0	    0	    1	    1	    0	    1	    1	    1	    1	    0	    0	    1	    0	    1	    0	    1	
    1	    1	    1	    1	    0	    1	    1	    1	    1	    1	    1	    1	    1	    1	    1	    0	    0	    0	    1	    1	
    1	    0	    0	    0	    1	    0	    1	    0	    1	    0	    0	    0	    0	    0	    1	    0	    0	    0	    0	    0	
    0	    0	    0	    0	    1	    1	    1	    1	    1	    1	    0	    1	    0	    0	    1	    1	    0	    0	    0	    1	
    0	    1	    1	    1	    0	    1	    1	    1	    0	    1	    0	    1	    1	    1	    1	    0	    1	    0	    0	    1	
    0	    1	    1	    1	    0	    1	    1	    1	    1	    1	    1	    1	    1	    1	    1	    0	    1	    1	    0	    1	
    0	    0	    0	    0	    1	    1	    0	    0	    0	    0	    0	    0	    1	    0	    0	    0	    0	    0	    1	    0	
    1	    1	    1	    0	    1	    1	    1	    0	    0	    1	    0	    1	    0	    1	    1	    0	    1	    1	    1	    0	
    0	    0	    0	    1	    0	    1	    1	    0	    0	    0	    0	    1	    0	    1	    0	    0	    1	    0	    0	    0	
    0	    1	    1	    0	    0	    0	    0	    0	    0	    1	    1	    0	    0	    1	    1	    0	    1	    0	    0	    1	
    1	    1	    0	    1	    1	    1	    0	    1	    1	    1	    0	    0	    1	    1	    1	    1	    1	    0	    1	    1	
    1	    0	    1	    1	    1	    0	    1	    1	    0	    0	    0	    1	    1	    0	    1	    0	    0	    0	    1	    1	
    1	    1	    0	    1	    1	    1	    1	    1	    1	    1	    1	    1	    1	    1	    1	    1	    1	    1	    1	    0	
    0	    1	    0	    0	    0	    0	    0	    1	    0	    0	    0	    1	    1	    0	    0	    1	    1	    0	    1	    0	
    1	    1	    0	    1	    0	    0	    0	    1	    0	    1	    0	    1	    0	    0	    1	    0	    0	    1	    1	    0	
    1	    1	    1	    1	    1	    1	    1	    1	    1	    0	    1	    1	    0	    1	    1	    1	    0	    1	    1	    0	
    0	    0	    0	    0	    1	    0	    0	    0	    1	    1	    0	    0	    1	    1	    1	    0	    1	    1	    1	    0	
    1	    1	    1	    1	    1	    1	    1	    1	    0	    0	    0	    0	    1	    1	    0	    0	    1	    1	    0	    1	
    0	    1	    0	    0	    0	    0	    1	    0	    0	    1	    1	    0	    1	    0	    0	    0	    1	    0	    0	    0	
    1	    1	    1	    0	    1	    1	    1	    1	    1	    1	    1	    1	    1	    1	    1	    1	    0	    1	    0	    1	
    1	    1	    1	    1	    1	    1	    1	    1	    1	    1	    1	    1	    1	    1	    1	    1	    1	    1	    1	    1	
    1	    1	    0	    1	    1	    1	    1	    1	    0	    1	    1	    1	    0	    1	    1	    1	    1	    1	    1	    1	
    1	    1	    1	    1	    1	    1	    1	    1	    1	    1	    1	    1	    1	    1	    1	    1	    1	    1	    1	    1	
    1	    1	    1	    1	    0	    1	    1	    0	    1	    0	    1	    0	    1	    1	    1	    1	    1	    1	    1	    1	
    0	    0	    0	    0	    0	    0	    1	    0	    1	    0	    0	    0	    0	    0	    0	    0	    0	    1	    0	    1	
    1	    1	    1	    1	    1	    0	    1	    0	    1	    1	    1	    0	    1	    0	    0	    0	    0	    0	    1	    1	
    0	    0	    0	    0	    0	    0	    0	    0	    0	    0	    0	    0	    0	    0	    0	    1	    0	    0	    0	    0	
    1	    1	    0	    1	    1	    1	    1	    1	    1	    1	    1	    1	    0	    0	    1	    0	    0	    1	    1	    0	
    1	    1	    1	    1	    1	    1	    1	    1	    1	    1	    1	    1	    0	    1	    1	    1	    0	    1	    1	    1	
    1	    1	    0	    0	    0	    1	    1	    1	    1	    0	    1	    0	    1	    0	    1	    1	    1	    0	    0	    1	
    0	    0	    1	    1	    1	    1	    1	    0	    1	    1	    0	    1	    0	    0	    1	    1	    1	    1	    0	    1	
    0	    0	    0	    0	    0	    0	    0	    0	    0	    1	    0	    1	    0	    0	    0	    0	    0	    0	    0	    0	
    0	    0	    1	    1	    1	    1	    1	    0	    1	    1	    1	    1	    0	    1	    1	    0	    1	    0	    0	    1	
    1	    1	    1	    1	    0	    0	    1	    1	    0	    1	    0	    1	    1	    1	    1	    1	    1	    1	    1	    0	
    1	    1	    1	    1	    1	    1	    1	    1	    1	    1	    1	    1	    1	    1	    1	    1	    1	    1	    1	    1	
    0	    0	    0	    1	    0	    1	    0	    1	    0	    0	    0	    0	    0	    0	    1	    1	    0	    0	    1	    0	
    1	    1	    1	    1	    1	    1	    1	    1	    1	    1	    1	    1	    1	    1	    0	    1	    1	    1	    1	    1	
    0	    0	    1	    0	    1	    1	    0	    1	    1	    1	    1	    1	    1	    0	    1	    0	    1	    1	    1	    1	
    0	    1	    1	    1	    0	    0	    0	    1	    1	    0	    0	    0	    1	    0	    0	    1	    1	    0	    0	    1	
    0	    0	    1	    0	    0	    1	    0	    1	    0	    1	    1	    1	    1	    1	    0	    0	    0	    0	    0	    0	
    0	    0	    0	    0	    0	    0	    0	    1	    0	    0	    0	    0	    0	    0	    0	    0	    0	    0	    0	    0	
    0	    0	    0	    0	    1	    1	    0	    1	    0	    1	    1	    1	    0	    0	    0	    0	    0	    1	    1	    0	
    0	    1	    1	    1	    1	    1	    0	    0	    0	    1	    1	    0	    1	    1	    0	    0	    1	    1	    0	    1	
    1	    1	    1	    1	    1	    1	    1	    0	    1	    1	    1	    1	    1	    1	    1	    1	    1	    1	    1	    1	
    1	    1	    1	    1	    1	    1	    1	    1	    1	    1	    1	    1	    1	    1	    1	    1	    1	    0	    1	    1	
    1	    0	    0	    0	    0	    0	    0	    0	    0	    0	    0	    0	    0	    0	    0	    0	    0	    0	    0	    0	
    0	    1	    0	    0	    0	    0	    0	    0	    0	    0	    0	    0	    0	    0	    0	    0	    0	    0	    0	    0	
    0	    0	    1	    0	    0	    0	    0	    0	    0	    0	    0	    0	    0	    0	    0	    0	    0	    0	    0	    0	
    0	    0	    0	    1	    0	    0	    0	    0	    0	    0	    0	    0	    0	    0	    0	    0	    0	    0	    0	    0	
    0	    0	    0	    0	    1	    0	    0	    0	    0	    0	    0	    0	    0	    0	    0	    0	    0	    0	    0	    0	
    0	    0	    0	    0	    0	    1	    0	    0	    0	    0	    0	    0	    0	    0	    0	    0	    0	    0	    0	    0	
    0	    0	    0	    0	    0	    0	    1	    0	    0	    0	    0	    0	    0	    0	    0	    0	    0	    0	    0	    0	
    0	    0	    0	    0	    0	    0	    0	    1	    0	    0	    0	    0	    0	    0	    0	    0	    0	    0	    0	    0	
    0	    0	    0	    0	    0	    0	    0	    0	    1	    0	    0	    0	    0	    0	    0	    0	    0	    0	    0	    0	
    0	    0	    0	    0	    0	    0	    0	    0	    0	    1	    0	    0	    0	    0	    0	    0	    0	    0	    0	    0	
    0	    0	    0	    0	    0	    0	    0	    0	    0	    0	    1	    0	    0	    0	    0	    0	    0	    0	    0	    0	
    0	    0	    0	    0	    0	    0	    0	    0	    0	    0	    0	    1	    0	    0	    0	    0	    0	    0	    0	    0	
    0	    0	    0	    0	    0	    0	    0	    0	    0	    0	    0	    0	    1	    0	    0	    0	    0	    0	    0	    0	
    0	    0	    0	    0	    0	    0	    0	    0	    0	    0	    0	    0	    0	    1	    0	    0	    0	    0	    0	    0	
    0	    0	    0	    0	    0	    0	    0	    0	    0	    0	    0	    0	    0	    0	    1	    0	    0	    0	    0	    0	
    0	    0	    0	    0	    0	    0	    0	    0	    0	    0	    0	    0	    0	    0	    0	    1	    0	    0	    0	    0	
    0	    0	    0	    0	    0	    0	    0	    0	    0	    0	    0	    0	    0	    0	    0	    0	    1	    0	    0	    0	
    0	    0	    0	    0	    0	    0	    0	    0	    0	    0	    0	    0	    0	    0	    0	    0	    0	    1	    0	    0	
    0	    0	    0	    0	    0	    0	    0	    0	    0	    0	    0	    0	    0	    0	    0	    0	    0	    0	    1	    0	
    0	    0	    0	    0	    0	    0	    0	    0	    0	    0	    0	    0	    0	    0	    0	    0	    0	    0	    0	    1	


0	85	85	75	35	45	80	35	70	85	85	105	30	60	105	70	45	65	50	110	80	30	55	105	70	70	115	40	75	60	110	65	115	115	95	35	110	115	95	95	105	85	70	110	80	35	105	85	95	90	50	60	110	60	35	40	85	90	40	70	35	75	70	30	100	30	40	95	75	45	85	55	65	90	55	50	115	75	90	80	90	70	100	115	35	55	120	120	45	80	45	80	30	120	40	90	80	50	95	35	100	70	40	45	110	45	75	85	105	60	35	75	35	75	75	80	70	40	110	55	95	50	40	85	95	110	115	65	85	60	105	80	85	110	65	100	90	85	65	120	120	30	60	60	35	65	70	40	100	40	105	70	110	50	30	30	35	30	65	120	35	55	55	45	35	75	30	85	75	115	80	30	90	95	120	60	70	120	55	95	40	105	80	70	60	110	55	100	55	80	35	120	70	35	90	100	55	115	45	70	55	60	60	60	60	60	60	60	60	60	60	60	60	60	60	60	60	60	60	60	60	
0	685	565	670	740	685	655	560	685	725	525	550	650	700	565	700	500	640	735	710	665	550	680	495	565	695	660	615	700	610	655	645	710	615	540	515	460	620	515	705	700	650	700	490	620	765	455	510	690	505	460	495	665	495	505	575	640	630	525	570	665	630	775	805	665	540	560	485	675	765	715	495	725	635	585	565	635	705	680	740	600	570	545	460	555	535	560	665	555	490	760	760	680	655	535	505	690	495	695	475	740	655	540	545	710	615	460	695	590	450	615	720	525	590	505	700	490	705	700	465	720	775	465	615	605	660	450	725	720	680	710	710	720	540	535	665	535	770	480	530	550	575	580	715	510	775	575	660	675	505	660	770	680	520	735	445	790	700	630	635	675	625	550	795	530	700	770	545	470	505	560	555	515	520	525	535	495	505	615	580	550	575	730	660	710	605	520	570	670	645	475	495	700	625	625	515	565	660	755	720	765	600	780	780	720	660	630	690	720	750	600	810	810	870	690	660	690	810	600	720	900	
1440	1145	1055	1135	1150	1135	1145	960	1135	1200	1015	1075	1075	1145	1070	1170	930	1075	1190	1220	1145	995	1130	975	1015	1140	1190	1015	1155	1060	1155	1115	1190	1120	1010	940	970	1155	1000	1180	1220	1130	1190	985	1090	1205	975	955	1195	975	890	940	1195	965	930	990	1120	1130	930	1040	1100	1115	1230	1200	1170	985	995	975	1110	1215	1160	965	1195	1105	1005	980	1110	1145	1135	1210	1050	1030	1035	960	955	1010	1095	1190	1005	955	1175	1215	1120	1160	985	1000	1190	940	1210	905	1240	1125	945	980	1200	1070	945	1165	1070	925	1015	1160	980	1080	970	1145	960	1160	1185	920	1190	1220	865	1120	1095	1185	930	1200	1195	1105	1185	1185	1210	1030	980	1165	1005	1235	905	1070	1050	1000	1035	1165	905	1235	1010	1085	1195	920	1165	1220	1160	990	1140	895	1240	1140	1055	1165	1085	1075	990	1230	985	1180	1160	1015	920	1025	1020	945	1025	1010	1015	1010	930	995	1070	1085	990	1070	1170	1120	1155	1130	995	1060	1120	1110	880	1025	1140	1035	1095	975	1015	1190	1205	1180	1215	780	960	960	900	840	810	870	900	930	780	990	990	1050	870	840	870	990	780	900	1080	


420	600	600	540	480	450	510	540	570	420	630	630	690	510	480	510	630	420	540	720	
960	1140	1140	1080	1020	990	1050	1080	1110	960	1170	1170	1230	1050	1020	1050	1170	960	1080	1260	


1342
10800


 40.000000	 50.000000 
 25.000000	 85.000000 
 72.000000	 35.000000 
 22.000000	 75.000000 
 55.000000	 20.000000 
 22.000000	 85.000000 
 25.000000	 30.000000 
 20.000000	 80.000000 
 20.000000	 50.000000 
 20.000000	 85.000000 
 55.000000	 60.000000 
 18.000000	 75.000000 
 30.000000	 60.000000 
 15.000000	 75.000000 
 50.000000	 35.000000 
 15.000000	 80.000000 
 30.000000	 25.000000 
 10.000000	 35.000000 
 15.000000	 10.000000 
 10.000000	 40.000000 
 10.000000	 20.000000 
  8.000000	 40.000000 
 15.000000	 60.000000 
  8.000000	 45.000000 
 45.000000	 65.000000 
  5.000000	 35.000000 
 65.000000	 35.000000 
  5.000000	 45.000000 
 65.000000	 20.000000 
  2.000000	 40.000000 
 45.000000	 30.000000 
  0.000000	 40.000000 
 35.000000	 40.000000 
  0.000000	 45.000000 
 41.000000	 37.000000 
 44.000000	  5.000000 
 64.000000	 42.000000 
 42.000000	 10.000000 
 40.000000	 60.000000 
 42.000000	 15.000000 
 31.000000	 52.000000 
 40.000000	  5.000000 
 35.000000	 69.000000 
 40.000000	 15.000000 
 65.000000	 55.000000 
 38.000000	  5.000000 
 63.000000	 65.000000 
 38.000000	 15.000000 
  2.000000	 60.000000 
 35.000000	  5.000000 
 20.000000	 20.000000 
 95.000000	 30.000000 
  5.000000	  5.000000 
 95.000000	 35.000000 
 60.000000	 12.000000 
 92.000000	 30.000000 
 23.000000	  3.000000 
 90.000000	 35.000000 
  8.000000	 56.000000 
 88.000000	 30.000000 
  6.000000	 68.000000 
 88.000000	 35.000000 
 47.000000	 47.000000 
 87.000000	 30.000000 
 49.000000	 58.000000 
 85.000000	 25.000000 
 27.000000	 43.000000 
 85.000000	 35.000000 
 37.000000	 31.000000 
 67.000000	 85.000000 
 57.000000	 29.000000 
 65.000000	 85.000000 
 63.000000	 23.000000 
 65.000000	 82.000000 
 21.000000	 24.000000 
 62.000000	 80.000000 
 12.000000	 24.000000 
 60.000000	 80.000000 
 24.000000	 58.000000 
 60.000000	 85.000000 
 67.000000	  5.000000 
 58.000000	 75.000000 
 37.000000	 47.000000 
 55.000000	 80.000000 
 49.000000	 42.000000 
 55.000000	 85.000000 
 53.000000	 43.000000 
 55.000000	 82.000000 
 61.000000	 52.000000 
 20.000000	 82.000000 
 57.000000	 48.000000 
 18.000000	 80.000000 
 56.000000	 37.000000 
  2.000000	 45.000000 
 55.000000	 54.000000 
 42.000000	  5.000000 
  4.000000	 18.000000 
 42.000000	 12.000000 
 26.000000	 52.000000 
 26.000000	 35.000000 
 31.000000	 67.000000 
 65.000000	 20.000000 
  5.000000	 35.000000 
 88.000000	 35.000000 
 20.000000	 85.000000 
 57.000000	 29.000000 
 24.000000	 58.000000 
 15.000000	 60.000000 
 40.000000	  5.000000 
 26.000000	 35.000000 
 27.000000	 43.000000 
 92.000000	 30.000000 
 12.000000	 24.000000 
  8.000000	 56.000000 
 35.000000	  5.000000 
 15.000000	 75.000000 
  0.000000	 40.000000 
 60.000000	 80.000000 
 55.000000	 54.000000 
 65.000000	 20.000000 
 35.000000	 69.000000 
 37.000000	 47.000000 
 26.000000	 52.000000 
  0.000000	 45.000000 
 22.000000	 85.000000 
 20.000000	 82.000000 
 45.000000	 30.000000 
 31.000000	 67.000000 
 60.000000	 80.000000 
 95.000000	 30.000000 
 42.000000	 15.000000 
 92.000000	 30.000000 
 18.000000	 80.000000 
  0.000000	 40.000000 
 60.000000	 12.000000 
 60.000000	 80.000000 
 27.000000	 43.000000 
 55.000000	 60.000000 
 57.000000	 29.000000 
 60.000000	 85.000000 
  2.000000	 40.000000 
  6.000000	 68.000000 
 30.000000	 25.000000 
 15.000000	 75.000000 
 45.000000	 30.000000 
 49.000000	 58.000000 
 57.000000	 29.000000 
 55.000000	 20.000000 
 25.000000	 85.000000 
  4.000000	 18.000000 
 30.000000	 25.000000 
 45.000000	 30.000000 
 40.000000	  5.000000 
  2.000000	 45.000000 
 24.000000	 58.000000 
 37.000000	 31.000000 
 55.000000	 54.000000 
 58.000000	 75.000000 
 20.000000	 82.000000 
 35.000000	  5.000000 
 20.000000	 80.000000 
 42.000000	 12.000000 
  0.000000	 45.000000 
 20.000000	 50.000000 
 31.000000	 52.000000 
 55.000000	 20.000000 
 92.000000	 30.000000 
 40.000000	 15.000000 
 65.000000	 82.000000 
 18.000000	 80.000000 
 67.000000	 85.000000 
 60.000000	 85.000000 
 20.000000	 20.000000 
 47.000000	 47.000000 
  2.000000	 60.000000 
 15.000000	 60.000000 
 92.000000	 30.000000 
 42.000000	  5.000000 
 45.000000	 65.000000 
 50.000000	 35.000000 
 88.000000	 35.000000 
 15.000000	 75.000000 
  8.000000	 45.000000 
  8.000000	 56.000000 
  8.000000	 45.000000 
 26.000000	 52.000000 
 18.000000	 75.000000 
 60.000000	 12.000000 
 55.000000	 20.000000 
 15.000000	 10.000000 
 85.000000	 35.000000 
 12.000000	 24.000000 
 95.000000	 30.000000 
 37.000000	 47.000000 
 18.000000	 80.000000 
 10.000000	 35.000000 
 25.000000	 30.000000 
 67.000000	  5.000000 
 65.000000	 85.000000 
 26.000000	 52.000000 
 60.000000	 80.000000 
