
   26
    2


    0 
    3 
    2 
    4 
    1 
   10 
    6 
    2 
    7 
    9 
    3 
    8 
    2 
   10 
    9 
    5 
    8 
    9 
    6 
   10 
    2 
    9 
    4 
    2 
    7 
    8 
    8 
   10 
   10 

    0	    0	
    1	    0	
    1	    1	
    1	    0	
    1	    1	
    1	    1	
    1	    1	
    1	    1	
    1	    1	
    1	    0	
    1	    0	
    1	    1	
    1	    0	
    1	    1	
    1	    1	
    1	    0	
    1	    0	
    1	    0	
    1	    0	
    0	    1	
    0	    1	
    1	    1	
    0	    1	
    1	    1	
    1	    1	
    0	    1	
    0	    1	
    1	    0	
    0	    1	


0	45	115	75	45	100	85	100	40	110	115	85	35	120	85	65	80	45	95	40	30	40	65	90	110	115	120	60	60	
0	785	650	535	700	655	650	715	640	615	605	655	905	825	665	565	575	585	735	635	960	640	685	735	680	855	695	660	840	
1440	955	825	655	895	1130	985	1150	1010	770	1080	1050	1125	1130	880	895	760	935	870	1055	1120	960	1030	1100	905	990	910	840	1020	


480	660	
1020	1200	


1226
1080


 40.000000	 50.000000 
 25.000000	 85.000000 
 72.000000	 35.000000 
 22.000000	 75.000000 
 55.000000	 20.000000 
 22.000000	 85.000000 
 25.000000	 30.000000 
 20.000000	 80.000000 
 20.000000	 50.000000 
 20.000000	 85.000000 
 55.000000	 60.000000 
 18.000000	 75.000000 
 30.000000	 60.000000 
 15.000000	 75.000000 
 50.000000	 35.000000 
 15.000000	 80.000000 
 30.000000	 25.000000 
 10.000000	 35.000000 
 15.000000	 10.000000 
 10.000000	 40.000000 
 10.000000	 20.000000 
  8.000000	 40.000000 
 15.000000	 60.000000 
  8.000000	 45.000000 
 45.000000	 65.000000 
  5.000000	 35.000000 
 65.000000	 35.000000 
