24
110.761108	62.148220
110.758644	62.796143
110.754936	63.053028
109.720985	68.423790
109.719749	69.233139
109.719139	69.233643
109.717903	70.042992
108.730247	73.553970
108.729012	74.363312
108.727776	74.752884
108.725311	75.400803
108.721603	75.657692
108.712959	75.871445
106.725311	75.873810
106.721603	76.130699
106.712959	76.348335
105.725311	76.508591
105.722839	76.536911
105.721603	77.346260
105.716667	77.666389
104.716049	77.861702
104.715431	78.469856
101.719749	78.617043
101.719139	79.225197