
   16
    2


    0 
    6 
    9 
    2 
    8 
    8 
    4 
    6 
    4 
    3 
    9 
    8 
   10 
    2 
    3 
    2 
    8 
   10 
   10 

    0	    0	
    1	    1	
    1	    1	
    1	    0	
    1	    0	
    1	    0	
    1	    0	
    1	    1	
    0	    1	
    1	    0	
    1	    0	
    1	    1	
    1	    1	
    1	    0	
    1	    1	
    1	    0	
    1	    1	
    1	    0	
    0	    1	


0	60	110	90	120	105	30	35	120	80	95	120	85	30	80	30	85	60	60	
0	805	810	535	505	820	730	865	725	645	870	865	715	870	805	680	860	660	840	
1440	950	1005	700	685	990	850	960	930	790	1055	1060	865	990	960	790	1010	840	1020	


480	660	
1020	1200	


1125
1080


 35.000000	 35.000000 
 41.000000	 49.000000 
 35.000000	 17.000000 
 55.000000	 45.000000 
 55.000000	 20.000000 
 15.000000	 30.000000 
 25.000000	 30.000000 
 20.000000	 50.000000 
 10.000000	 43.000000 
 55.000000	 60.000000 
 30.000000	 60.000000 
 20.000000	 65.000000 
 50.000000	 35.000000 
 30.000000	 25.000000 
 15.000000	 10.000000 
 30.000000	  5.000000 
 10.000000	 20.000000 
