
  100
   15


    0 
    7 
    4 
    5 
    8 
    9 
    6 
    7 
    9 
    9 
    5 
   10 
   10 
    3 
    2 
   10 
    6 
    4 
    1 
    7 
    6 
    2 
    5 
    1 
    8 
    6 
    7 
    2 
    9 
    9 
    5 
    3 
    7 
    1 
    1 
    4 
    3 
    8 
    8 
    5 
    8 
    7 
    2 
    6 
    1 
    3 
    6 
    4 
    2 
    7 
   10 
    7 
   10 
    6 
    4 
    4 
    2 
    1 
    9 
    7 
   10 
    2 
    5 
    7 
    9 
    3 
    1 
    4 
    9 
   10 
    8 
    5 
    4 
    6 
    8 
    2 
    3 
    1 
    4 
    1 
    5 
    3 
    9 
    2 
    9 
    9 
    5 
    7 
    3 
    6 
    5 
    6 
    7 
   10 
    2 
    4 
    8 
    3 
    9 
    7 
    2 
   10 
   10 
   10 
   10 
   10 
   10 
   10 
   10 
   10 
   10 
   10 
   10 
   10 
   10 
   10 

    0	    0	    0	    0	    0	    0	    0	    0	    0	    0	    0	    0	    0	    0	    0	
    0	    0	    0	    1	    0	    0	    0	    0	    0	    0	    0	    0	    0	    0	    0	
    0	    1	    0	    1	    0	    0	    0	    0	    0	    0	    0	    1	    1	    0	    1	
    0	    0	    0	    0	    0	    0	    0	    0	    0	    0	    0	    0	    0	    0	    1	
    0	    0	    0	    0	    0	    0	    0	    0	    1	    0	    0	    1	    0	    0	    0	
    0	    1	    0	    1	    0	    0	    0	    0	    0	    0	    0	    0	    1	    1	    0	
    0	    1	    1	    1	    1	    1	    0	    0	    1	    1	    0	    0	    0	    1	    1	
    1	    0	    1	    1	    0	    0	    1	    1	    0	    0	    0	    1	    0	    1	    1	
    0	    1	    0	    1	    0	    0	    0	    0	    0	    0	    0	    0	    1	    0	    0	
    1	    0	    0	    0	    0	    1	    0	    0	    0	    1	    1	    0	    0	    0	    0	
    0	    0	    0	    0	    0	    0	    0	    1	    0	    1	    0	    0	    0	    0	    0	
    0	    0	    0	    1	    0	    0	    0	    0	    0	    0	    0	    0	    0	    1	    0	
    0	    1	    1	    0	    0	    1	    0	    0	    0	    0	    0	    0	    0	    0	    0	
    0	    0	    0	    0	    0	    0	    0	    0	    1	    0	    0	    0	    0	    0	    0	
    1	    0	    1	    0	    1	    1	    1	    1	    0	    1	    1	    1	    0	    1	    0	
    0	    1	    1	    0	    0	    0	    0	    0	    0	    0	    0	    0	    0	    0	    0	
    0	    0	    0	    0	    0	    0	    0	    0	    1	    0	    0	    1	    1	    0	    0	
    0	    0	    1	    1	    0	    1	    0	    1	    1	    0	    0	    1	    1	    1	    1	
    0	    0	    0	    0	    0	    0	    0	    0	    1	    0	    0	    1	    0	    0	    0	
    0	    0	    0	    0	    0	    0	    0	    0	    1	    0	    0	    0	    0	    0	    1	
    0	    0	    0	    0	    1	    1	    0	    0	    0	    1	    0	    0	    1	    0	    0	
    1	    0	    0	    0	    1	    0	    1	    0	    0	    1	    0	    0	    0	    0	    0	
    0	    1	    1	    1	    1	    1	    0	    0	    1	    1	    1	    1	    1	    1	    1	
    1	    0	    1	    0	    0	    1	    1	    0	    0	    0	    1	    1	    0	    1	    0	
    1	    1	    1	    1	    1	    1	    1	    1	    1	    1	    1	    1	    1	    1	    1	
    0	    0	    0	    0	    1	    0	    1	    0	    0	    0	    0	    0	    0	    1	    0	
    1	    0	    1	    0	    1	    1	    0	    1	    0	    0	    1	    1	    0	    1	    0	
    0	    1	    0	    0	    0	    0	    0	    0	    0	    0	    0	    1	    0	    0	    0	
    1	    1	    1	    1	    1	    1	    1	    1	    1	    1	    0	    1	    1	    1	    1	
    0	    0	    1	    1	    1	    1	    0	    0	    1	    1	    1	    0	    1	    1	    1	
    0	    1	    1	    0	    1	    1	    1	    0	    1	    1	    1	    1	    0	    1	    1	
    1	    0	    1	    0	    0	    0	    0	    1	    0	    1	    0	    0	    0	    0	    0	
    0	    0	    0	    0	    0	    0	    1	    1	    0	    1	    0	    0	    0	    0	    0	
    1	    0	    1	    0	    1	    1	    1	    1	    0	    1	    0	    0	    0	    0	    0	
    1	    1	    1	    1	    1	    1	    1	    1	    1	    0	    1	    1	    1	    1	    1	
    1	    0	    0	    0	    0	    0	    0	    0	    0	    0	    0	    0	    0	    0	    0	
    1	    0	    1	    0	    1	    1	    1	    1	    0	    1	    1	    0	    0	    1	    0	
    1	    1	    0	    1	    1	    1	    1	    0	    1	    0	    1	    1	    1	    1	    1	
    1	    1	    1	    1	    1	    1	    1	    0	    0	    0	    1	    1	    1	    0	    0	
    0	    0	    0	    0	    0	    0	    0	    0	    0	    0	    0	    1	    0	    1	    0	
    0	    1	    1	    1	    0	    1	    0	    0	    0	    0	    0	    1	    1	    1	    1	
    0	    0	    0	    0	    1	    0	    0	    0	    0	    0	    0	    0	    1	    0	    0	
    0	    0	    1	    0	    0	    0	    0	    1	    0	    0	    1	    0	    0	    0	    0	
    0	    0	    0	    1	    0	    0	    0	    0	    1	    0	    0	    1	    1	    0	    0	
    1	    0	    1	    0	    0	    0	    0	    0	    0	    1	    0	    0	    0	    0	    0	
    0	    0	    0	    0	    1	    1	    0	    1	    0	    1	    0	    0	    0	    1	    0	
    1	    0	    0	    1	    0	    1	    0	    1	    1	    1	    0	    0	    0	    0	    0	
    0	    1	    1	    1	    1	    0	    0	    1	    0	    1	    0	    1	    1	    1	    1	
    0	    1	    0	    1	    0	    0	    0	    0	    1	    0	    0	    1	    1	    0	    1	
    0	    0	    1	    1	    0	    0	    0	    1	    1	    0	    1	    1	    0	    0	    1	
    0	    0	    0	    0	    0	    0	    0	    0	    0	    1	    1	    0	    0	    0	    0	
    0	    1	    1	    1	    0	    1	    1	    0	    1	    0	    0	    1	    1	    1	    0	
    0	    0	    1	    0	    0	    0	    0	    0	    0	    1	    0	    0	    0	    1	    0	
    0	    0	    0	    1	    0	    0	    0	    0	    0	    0	    0	    0	    0	    0	    1	
    0	    1	    1	    1	    0	    1	    0	    0	    1	    0	    0	    0	    0	    1	    1	
    1	    0	    0	    0	    0	    0	    0	    0	    0	    0	    0	    0	    0	    0	    0	
    1	    0	    1	    0	    1	    1	    1	    1	    0	    1	    1	    1	    0	    1	    0	
    0	    1	    1	    1	    1	    1	    0	    0	    1	    0	    0	    1	    0	    1	    1	
    0	    0	    0	    0	    1	    0	    0	    0	    0	    0	    0	    0	    0	    0	    0	
    0	    1	    0	    1	    0	    0	    0	    0	    1	    0	    0	    1	    1	    0	    1	
    0	    0	    0	    0	    0	    0	    0	    0	    0	    0	    0	    1	    1	    0	    1	
    0	    0	    0	    0	    1	    0	    0	    0	    0	    0	    0	    0	    1	    0	    0	
    1	    0	    0	    0	    0	    0	    1	    1	    0	    0	    1	    0	    0	    0	    0	
    1	    0	    1	    0	    0	    1	    1	    1	    0	    0	    1	    0	    0	    0	    0	
    0	    1	    0	    0	    0	    0	    0	    0	    1	    0	    0	    1	    0	    0	    0	
    1	    1	    1	    1	    1	    1	    1	    1	    1	    1	    1	    1	    1	    1	    1	
    0	    1	    0	    1	    0	    1	    1	    0	    1	    1	    0	    1	    1	    1	    0	
    0	    0	    0	    0	    0	    0	    0	    0	    0	    0	    0	    1	    0	    0	    0	
    0	    0	    1	    1	    0	    1	    0	    0	    1	    0	    0	    0	    0	    0	    1	
    0	    1	    0	    1	    0	    0	    0	    0	    1	    0	    0	    1	    0	    0	    1	
    0	    0	    0	    0	    0	    1	    1	    1	    0	    1	    0	    0	    0	    0	    0	
    1	    0	    1	    0	    1	    0	    0	    0	    1	    0	    0	    1	    0	    0	    1	
    0	    1	    0	    1	    0	    0	    0	    0	    1	    0	    0	    1	    1	    0	    1	
    1	    0	    0	    0	    0	    0	    0	    0	    0	    0	    0	    1	    0	    1	    0	
    1	    0	    1	    0	    1	    1	    0	    0	    0	    1	    1	    1	    0	    1	    0	
    0	    0	    0	    0	    0	    0	    0	    0	    0	    1	    0	    0	    0	    0	    1	
    0	    1	    0	    0	    0	    0	    0	    0	    1	    0	    0	    0	    0	    1	    0	
    1	    1	    1	    1	    1	    1	    1	    1	    1	    1	    1	    1	    1	    1	    1	
    1	    0	    0	    0	    1	    1	    1	    1	    0	    1	    0	    0	    0	    0	    0	
    0	    0	    0	    0	    1	    0	    0	    0	    0	    0	    0	    0	    0	    0	    0	
    1	    0	    1	    0	    1	    1	    1	    1	    0	    1	    1	    1	    0	    1	    0	
    0	    1	    1	    1	    0	    1	    0	    0	    1	    0	    0	    0	    1	    1	    1	
    1	    0	    1	    0	    0	    1	    1	    0	    0	    1	    0	    0	    0	    0	    0	
    1	    0	    1	    0	    0	    1	    1	    0	    0	    1	    0	    1	    0	    1	    0	
    0	    0	    1	    1	    0	    1	    0	    0	    1	    0	    1	    1	    0	    1	    1	
    0	    0	    0	    0	    0	    0	    0	    0	    0	    0	    0	    0	    0	    0	    1	
    0	    0	    0	    1	    0	    0	    0	    0	    1	    0	    0	    0	    0	    0	    1	
    1	    1	    1	    1	    1	    1	    1	    1	    1	    0	    1	    1	    0	    1	    0	
    0	    0	    0	    0	    1	    1	    0	    0	    0	    0	    1	    0	    0	    0	    0	
    0	    0	    0	    0	    0	    0	    0	    0	    1	    0	    0	    0	    0	    0	    1	
    1	    0	    0	    0	    0	    0	    0	    0	    0	    0	    0	    0	    0	    1	    0	
    0	    0	    0	    0	    1	    1	    0	    0	    1	    0	    0	    1	    1	    0	    1	
    1	    0	    1	    0	    1	    1	    1	    0	    0	    1	    1	    1	    0	    1	    0	
    1	    0	    1	    0	    1	    1	    1	    0	    0	    0	    1	    0	    0	    1	    0	
    0	    1	    0	    1	    0	    0	    0	    0	    1	    0	    0	    1	    0	    0	    1	
    0	    0	    0	    0	    0	    0	    0	    0	    0	    0	    1	    0	    0	    0	    0	
    0	    1	    1	    1	    1	    1	    0	    0	    1	    1	    0	    1	    1	    1	    1	
    0	    0	    0	    0	    1	    1	    0	    0	    0	    1	    0	    0	    0	    1	    0	
    0	    1	    0	    1	    0	    0	    0	    0	    1	    0	    0	    1	    1	    0	    1	
    1	    0	    0	    0	    0	    0	    1	    1	    0	    1	    1	    0	    0	    0	    0	
    0	    0	    1	    0	    1	    1	    0	    1	    0	    0	    0	    0	    0	    0	    0	
    1	    0	    0	    0	    0	    0	    0	    0	    0	    0	    0	    0	    0	    0	    0	
    0	    1	    0	    0	    0	    0	    0	    0	    0	    0	    0	    0	    0	    0	    0	
    0	    0	    1	    0	    0	    0	    0	    0	    0	    0	    0	    0	    0	    0	    0	
    0	    0	    0	    1	    0	    0	    0	    0	    0	    0	    0	    0	    0	    0	    0	
    0	    0	    0	    0	    1	    0	    0	    0	    0	    0	    0	    0	    0	    0	    0	
    0	    0	    0	    0	    0	    1	    0	    0	    0	    0	    0	    0	    0	    0	    0	
    0	    0	    0	    0	    0	    0	    1	    0	    0	    0	    0	    0	    0	    0	    0	
    0	    0	    0	    0	    0	    0	    0	    1	    0	    0	    0	    0	    0	    0	    0	
    0	    0	    0	    0	    0	    0	    0	    0	    1	    0	    0	    0	    0	    0	    0	
    0	    0	    0	    0	    0	    0	    0	    0	    0	    1	    0	    0	    0	    0	    0	
    0	    0	    0	    0	    0	    0	    0	    0	    0	    0	    1	    0	    0	    0	    0	
    0	    0	    0	    0	    0	    0	    0	    0	    0	    0	    0	    1	    0	    0	    0	
    0	    0	    0	    0	    0	    0	    0	    0	    0	    0	    0	    0	    1	    0	    0	
    0	    0	    0	    0	    0	    0	    0	    0	    0	    0	    0	    0	    0	    1	    0	
    0	    0	    0	    0	    0	    0	    0	    0	    0	    0	    0	    0	    0	    0	    1	


0	30	60	115	85	30	70	55	60	55	45	45	105	65	105	75	45	120	110	40	80	100	40	80	105	115	55	90	55	105	35	95	115	60	95	100	100	50	55	85	55	120	50	115	40	95	70	45	65	80	30	45	90	60	115	65	40	120	45	100	90	115	55	70	105	35	70	115	35	120	65	100	75	75	80	45	90	115	100	55	70	100	45	35	65	75	100	65	95	110	35	90	100	115	50	45	85	95	45	70	90	60	60	60	60	60	60	60	60	60	60	60	60	60	60	60	
0	790	1010	905	1010	1015	925	710	1010	605	625	785	895	930	585	770	1065	680	750	1095	660	440	960	600	740	535	565	995	865	785	790	605	475	475	800	590	535	765	675	935	965	880	505	970	605	605	750	705	1005	700	495	700	510	1040	880	595	595	745	500	1025	955	860	440	480	1035	905	900	810	990	950	615	755	1040	620	580	720	880	700	545	575	635	900	500	620	920	975	950	715	620	980	560	865	650	575	990	605	895	610	1015	465	550	600	840	690	870	660	690	630	600	900	660	660	810	870	720	900	
1440	880	1155	1105	1165	1105	1085	845	1135	720	750	920	1060	1075	780	935	1200	885	930	1195	800	605	1085	765	915	730	710	1160	990	955	885	785	665	605	985	775	705	895	810	1090	1085	1075	645	1165	730	770	880	840	1150	855	590	830	670	1190	1070	750	725	935	630	1195	1115	1055	585	620	1205	1000	1040	1015	1100	1130	745	935	1190	775	740	825	1030	895	725	690	765	1060	620	715	1060	1115	1140	840	790	1150	670	1020	830	750	1120	715	1060	775	1145	605	705	780	1020	870	1050	840	870	810	780	1080	840	840	990	1050	900	1080	


420	660	510	690	480	510	450	420	720	480	480	630	690	540	720	
960	1200	1050	1230	1020	1050	990	960	1260	1020	1020	1170	1230	1080	1260	


1302
8100


 40.000000	 50.000000 
 45.000000	 68.000000 
 45.000000	 70.000000 
 42.000000	 66.000000 
 42.000000	 68.000000 
 42.000000	 65.000000 
 40.000000	 69.000000 
 40.000000	 66.000000 
 38.000000	 68.000000 
 38.000000	 70.000000 
 35.000000	 66.000000 
 35.000000	 69.000000 
 25.000000	 85.000000 
 22.000000	 75.000000 
 22.000000	 85.000000 
 20.000000	 80.000000 
 20.000000	 85.000000 
 18.000000	 75.000000 
 15.000000	 75.000000 
 15.000000	 80.000000 
 30.000000	 50.000000 
 30.000000	 52.000000 
 28.000000	 52.000000 
 28.000000	 55.000000 
 25.000000	 50.000000 
 25.000000	 52.000000 
 25.000000	 55.000000 
 23.000000	 52.000000 
 23.000000	 55.000000 
 20.000000	 50.000000 
 20.000000	 55.000000 
 10.000000	 35.000000 
 10.000000	 40.000000 
  8.000000	 40.000000 
  8.000000	 45.000000 
  5.000000	 35.000000 
  5.000000	 45.000000 
  2.000000	 40.000000 
  0.000000	 40.000000 
  0.000000	 45.000000 
 35.000000	 30.000000 
 35.000000	 32.000000 
 33.000000	 32.000000 
 33.000000	 35.000000 
 32.000000	 30.000000 
 30.000000	 30.000000 
 30.000000	 32.000000 
 30.000000	 35.000000 
 28.000000	 30.000000 
 28.000000	 35.000000 
 26.000000	 32.000000 
 25.000000	 30.000000 
 25.000000	 35.000000 
 44.000000	  5.000000 
 42.000000	 10.000000 
 42.000000	 15.000000 
 40.000000	  5.000000 
 40.000000	 15.000000 
 38.000000	  5.000000 
 38.000000	 15.000000 
 35.000000	  5.000000 
 50.000000	 30.000000 
 50.000000	 35.000000 
 50.000000	 40.000000 
 48.000000	 30.000000 
 48.000000	 40.000000 
 47.000000	 35.000000 
 47.000000	 40.000000 
 45.000000	 30.000000 
 45.000000	 35.000000 
 95.000000	 30.000000 
 95.000000	 35.000000 
 53.000000	 30.000000 
 92.000000	 30.000000 
 53.000000	 35.000000 
 45.000000	 65.000000 
 90.000000	 35.000000 
 88.000000	 30.000000 
 88.000000	 35.000000 
 87.000000	 30.000000 
 85.000000	 25.000000 
 85.000000	 35.000000 
 75.000000	 55.000000 
 72.000000	 55.000000 
 70.000000	 58.000000 
 68.000000	 60.000000 
 66.000000	 55.000000 
 65.000000	 55.000000 
 65.000000	 60.000000 
 63.000000	 58.000000 
 60.000000	 55.000000 
 60.000000	 60.000000 
 67.000000	 85.000000 
 65.000000	 85.000000 
 65.000000	 82.000000 
 62.000000	 80.000000 
 60.000000	 80.000000 
 60.000000	 85.000000 
 58.000000	 75.000000 
 55.000000	 80.000000 
 55.000000	 85.000000 
