
   16
    2


    0 
    6 
    3 
    8 
    9 
    1 
    4 
    1 
    5 
    7 
    1 
    1 
    1 
    1 
    8 
    7 
    4 
   10 
   10 

    0	    0	
    1	    0	
    0	    1	
    1	    0	
    0	    1	
    1	    1	
    1	    1	
    1	    0	
    1	    1	
    1	    0	
    1	    0	
    1	    1	
    1	    0	
    1	    1	
    1	    0	
    0	    1	
    1	    1	
    1	    0	
    0	    1	


0	115	90	50	35	110	85	60	90	105	115	120	35	115	75	55	85	60	60	
0	555	920	525	845	630	550	585	610	690	820	680	520	855	585	690	835	660	840	
1440	1000	1055	690	1090	945	945	850	970	920	1065	970	950	1120	1000	1155	1005	840	1020	


480	660	
1020	1200	


1196
1080


 40.000000	 50.000000 
 45.000000	 68.000000 
 45.000000	 70.000000 
 42.000000	 66.000000 
 42.000000	 68.000000 
 42.000000	 65.000000 
 40.000000	 69.000000 
 40.000000	 66.000000 
 38.000000	 68.000000 
 38.000000	 70.000000 
 35.000000	 66.000000 
 35.000000	 69.000000 
 25.000000	 85.000000 
 22.000000	 75.000000 
 22.000000	 85.000000 
 20.000000	 80.000000 
 20.000000	 85.000000 
