
   39
    3


    0 
    8 
    3 
    6 
    1 
    3 
    3 
    6 
    9 
    4 
    7 
   10 
    5 
   10 
   10 
    7 
    1 
    4 
    3 
   10 
    9 
    3 
    1 
    3 
    7 
    4 
    8 
    7 
    9 
    6 
   10 
    8 
    5 
    8 
    5 
    5 
    8 
    9 
    2 
    5 
   10 
   10 
   10 

    0	    0	    0	
    0	    1	    0	
    0	    1	    0	
    1	    0	    1	
    1	    0	    0	
    1	    1	    1	
    1	    1	    1	
    1	    1	    0	
    1	    1	    1	
    1	    1	    0	
    0	    0	    1	
    1	    1	    1	
    1	    1	    1	
    0	    1	    0	
    0	    1	    0	
    1	    1	    1	
    1	    1	    1	
    1	    0	    0	
    1	    1	    1	
    1	    1	    1	
    0	    1	    0	
    1	    1	    1	
    1	    1	    0	
    1	    1	    1	
    0	    0	    1	
    1	    1	    0	
    1	    1	    1	
    1	    1	    1	
    0	    1	    0	
    1	    1	    0	
    1	    1	    1	
    1	    1	    1	
    0	    1	    0	
    1	    1	    1	
    1	    1	    1	
    0	    1	    0	
    1	    1	    1	
    1	    0	    0	
    1	    1	    1	
    0	    1	    0	
    1	    0	    0	
    0	    1	    0	
    0	    0	    1	


0	95	110	75	80	40	35	60	55	120	70	85	50	110	35	60	50	110	35	60	60	75	85	110	50	85	100	120	55	70	105	50	45	75	120	100	100	115	50	35	60	60	60	
0	655	510	450	470	475	770	680	535	505	600	455	620	705	800	755	595	490	685	490	575	745	715	620	460	505	505	510	790	610	675	505	475	740	650	625	600	455	695	465	600	720	900	
1440	1165	1015	920	950	880	1200	1145	1000	1045	1080	910	1055	1185	1200	1215	1040	975	1080	910	1020	1215	1180	1145	875	980	1025	1025	1235	1080	1190	945	900	1205	1140	1115	1115	955	1140	910	780	900	1080	


420	540	720	
960	1080	1260	


1319
1620


 35.000000	 35.000000 
 41.000000	 49.000000 
 35.000000	 17.000000 
 55.000000	 45.000000 
 55.000000	 20.000000 
 15.000000	 30.000000 
 25.000000	 30.000000 
 20.000000	 50.000000 
 10.000000	 43.000000 
 55.000000	 60.000000 
 30.000000	 60.000000 
 20.000000	 65.000000 
 50.000000	 35.000000 
 30.000000	 25.000000 
 15.000000	 10.000000 
 30.000000	  5.000000 
 10.000000	 20.000000 
  5.000000	 30.000000 
 20.000000	 40.000000 
 15.000000	 60.000000 
 45.000000	 65.000000 
 45.000000	 20.000000 
 45.000000	 10.000000 
 55.000000	  5.000000 
 65.000000	 35.000000 
 65.000000	 20.000000 
 45.000000	 30.000000 
 35.000000	 40.000000 
 41.000000	 37.000000 
 64.000000	 42.000000 
 40.000000	 60.000000 
 31.000000	 52.000000 
 35.000000	 69.000000 
 53.000000	 52.000000 
 65.000000	 55.000000 
 63.000000	 65.000000 
  2.000000	 60.000000 
 20.000000	 20.000000 
  5.000000	  5.000000 
 60.000000	 12.000000 
