
   16
    2


    0 
    3 
    4 
    3 
    9 
   10 
    6 
    6 
    7 
    3 
    5 
    9 
    5 
    5 
    5 
    4 
    6 
   10 
   10 

    0	    0	
    1	    1	
    0	    1	
    1	    0	
    1	    1	
    1	    1	
    1	    1	
    0	    1	
    1	    1	
    0	    1	
    0	    1	
    1	    1	
    1	    1	
    1	    0	
    1	    0	
    1	    1	
    1	    1	
    1	    0	
    0	    1	


0	60	85	70	75	85	85	70	35	50	90	70	90	80	35	55	55	60	60	
0	570	610	670	600	665	515	580	590	620	525	530	505	690	650	610	665	660	840	
1440	1045	1055	1105	1095	1155	1010	1065	1005	1080	1030	1000	985	1160	1055	1060	1140	840	1020	


480	660	
1020	1200	


1225
1080


 35.000000	 35.000000 
 41.000000	 49.000000 
 35.000000	 17.000000 
 55.000000	 45.000000 
 55.000000	 20.000000 
 15.000000	 30.000000 
 25.000000	 30.000000 
 20.000000	 50.000000 
 10.000000	 43.000000 
 55.000000	 60.000000 
 30.000000	 60.000000 
 20.000000	 65.000000 
 50.000000	 35.000000 
 30.000000	 25.000000 
 15.000000	 10.000000 
 30.000000	  5.000000 
 10.000000	 20.000000 
