
  100
   10


    0 
    6 
    6 
    2 
    3 
   10 
    5 
    6 
    2 
    1 
    9 
    7 
    1 
    6 
    5 
    7 
    9 
    9 
    8 
    5 
    4 
    2 
    1 
    7 
    4 
    7 
    5 
   10 
   10 
    7 
    8 
    8 
    6 
    2 
    3 
    4 
    6 
    8 
   10 
    3 
    3 
    7 
    6 
    8 
   10 
    9 
    6 
    5 
    7 
    4 
    7 
    1 
    3 
    2 
    5 
   10 
    1 
    6 
    5 
    9 
    1 
    7 
    8 
    3 
    7 
    4 
    3 
    7 
   10 
    7 
    2 
    1 
    5 
    7 
   10 
    1 
    1 
    8 
    5 
    3 
    9 
    1 
    5 
    8 
    2 
    1 
    7 
    2 
    7 
    1 
    5 
    4 
    6 
    7 
    2 
    5 
    6 
    3 
    3 
    7 
    6 
   10 
   10 
   10 
   10 
   10 
   10 
   10 
   10 
   10 
   10 

    0	    0	    0	    0	    0	    0	    0	    0	    0	    0	
    1	    1	    1	    1	    1	    1	    0	    0	    0	    1	
    0	    0	    0	    0	    0	    1	    0	    0	    0	    0	
    1	    1	    0	    1	    1	    0	    0	    1	    1	    1	
    1	    0	    0	    0	    0	    0	    0	    0	    0	    0	
    0	    0	    0	    1	    0	    0	    1	    0	    0	    0	
    1	    1	    0	    1	    1	    1	    1	    1	    1	    0	
    1	    0	    0	    0	    0	    0	    0	    0	    0	    0	
    0	    0	    0	    0	    0	    0	    0	    0	    1	    1	
    1	    1	    1	    1	    1	    0	    0	    0	    0	    1	
    0	    1	    0	    0	    0	    0	    0	    0	    0	    0	
    1	    1	    0	    0	    1	    1	    1	    0	    0	    0	
    1	    1	    0	    1	    0	    1	    1	    1	    1	    1	
    1	    1	    1	    1	    1	    1	    1	    0	    1	    0	
    0	    1	    1	    0	    1	    1	    0	    1	    1	    1	
    0	    1	    1	    1	    0	    0	    1	    1	    1	    1	
    1	    1	    1	    1	    1	    1	    1	    0	    1	    0	
    1	    0	    0	    0	    0	    0	    0	    0	    0	    0	
    1	    0	    1	    0	    0	    1	    1	    1	    1	    1	
    0	    0	    1	    0	    1	    0	    0	    0	    1	    0	
    0	    0	    0	    0	    0	    0	    0	    0	    1	    0	
    1	    1	    1	    1	    1	    0	    1	    1	    1	    1	
    1	    1	    1	    0	    1	    1	    0	    1	    1	    0	
    1	    1	    1	    1	    1	    1	    1	    1	    1	    1	
    0	    0	    0	    1	    1	    0	    0	    1	    0	    1	
    0	    1	    1	    1	    1	    0	    1	    1	    0	    1	
    1	    1	    1	    1	    1	    1	    1	    1	    1	    0	
    1	    1	    1	    1	    1	    1	    1	    0	    1	    1	
    1	    0	    0	    0	    0	    0	    1	    0	    0	    0	
    1	    1	    0	    1	    0	    1	    0	    1	    0	    1	
    1	    1	    1	    1	    1	    1	    1	    1	    0	    1	
    0	    0	    0	    0	    1	    0	    1	    0	    1	    1	
    1	    0	    1	    1	    0	    1	    0	    0	    1	    1	
    1	    0	    0	    1	    0	    1	    0	    0	    1	    1	
    0	    0	    0	    1	    1	    1	    0	    1	    1	    0	
    1	    1	    1	    1	    1	    1	    0	    1	    1	    1	
    1	    0	    1	    1	    1	    0	    0	    1	    0	    0	
    1	    1	    0	    0	    0	    0	    0	    0	    0	    0	
    1	    1	    1	    0	    0	    0	    0	    1	    0	    1	
    0	    0	    1	    1	    1	    1	    1	    0	    0	    1	
    0	    0	    1	    0	    0	    1	    1	    0	    1	    1	
    0	    1	    1	    1	    0	    1	    1	    1	    0	    1	
    1	    0	    0	    1	    0	    0	    1	    0	    0	    0	
    0	    0	    1	    0	    0	    0	    0	    0	    0	    1	
    1	    1	    0	    1	    0	    1	    1	    0	    1	    0	
    1	    1	    1	    0	    1	    0	    1	    1	    0	    1	
    0	    1	    1	    0	    1	    0	    0	    0	    1	    0	
    0	    0	    1	    0	    0	    0	    1	    0	    1	    0	
    0	    0	    0	    0	    0	    1	    0	    0	    1	    0	
    1	    0	    1	    1	    1	    0	    1	    1	    1	    0	
    0	    0	    1	    1	    1	    1	    1	    1	    1	    1	
    1	    1	    1	    1	    0	    1	    0	    1	    0	    1	
    0	    0	    0	    0	    0	    0	    0	    0	    0	    1	
    1	    1	    0	    1	    0	    1	    1	    0	    0	    0	
    0	    1	    1	    1	    1	    0	    1	    0	    1	    0	
    0	    1	    1	    1	    1	    1	    1	    0	    1	    1	
    0	    0	    0	    0	    0	    0	    0	    1	    1	    0	
    1	    1	    1	    1	    1	    1	    1	    0	    1	    0	
    1	    0	    1	    1	    1	    1	    1	    0	    1	    0	
    1	    1	    1	    1	    1	    1	    1	    1	    1	    1	
    0	    0	    1	    0	    1	    0	    0	    0	    1	    1	
    1	    1	    1	    1	    1	    1	    1	    1	    0	    1	
    1	    0	    0	    1	    0	    0	    1	    0	    0	    0	
    1	    0	    0	    0	    0	    0	    1	    0	    0	    0	
    0	    1	    1	    1	    1	    1	    1	    1	    1	    1	
    1	    1	    1	    1	    1	    1	    1	    0	    1	    1	
    0	    0	    0	    0	    1	    1	    1	    0	    1	    0	
    1	    1	    1	    1	    1	    0	    1	    1	    1	    1	
    1	    1	    1	    1	    1	    1	    0	    1	    1	    1	
    1	    1	    1	    1	    1	    1	    1	    0	    1	    0	
    0	    0	    0	    0	    1	    1	    0	    0	    1	    1	
    1	    0	    0	    1	    0	    1	    1	    1	    1	    0	
    1	    0	    0	    0	    1	    0	    1	    1	    1	    0	
    1	    1	    1	    1	    1	    1	    1	    1	    1	    1	
    0	    0	    1	    0	    1	    1	    1	    0	    1	    1	
    1	    0	    1	    1	    1	    1	    1	    1	    1	    0	
    0	    1	    0	    0	    1	    0	    1	    0	    0	    0	
    1	    0	    1	    0	    1	    1	    1	    0	    1	    0	
    1	    1	    1	    1	    1	    1	    1	    1	    1	    1	
    0	    0	    1	    1	    0	    1	    0	    0	    1	    0	
    1	    1	    1	    1	    1	    0	    1	    0	    1	    0	
    0	    0	    0	    0	    1	    0	    0	    0	    1	    0	
    0	    0	    0	    1	    1	    1	    0	    1	    0	    1	
    0	    0	    0	    0	    0	    0	    0	    0	    0	    1	
    0	    1	    0	    0	    1	    1	    0	    1	    1	    1	
    0	    1	    1	    0	    0	    1	    0	    0	    0	    1	
    0	    0	    0	    0	    0	    0	    1	    0	    0	    0	
    1	    1	    1	    1	    1	    1	    1	    1	    1	    1	
    0	    1	    0	    0	    1	    0	    0	    1	    1	    1	
    0	    0	    0	    1	    1	    0	    1	    0	    1	    1	
    1	    1	    1	    1	    0	    1	    1	    1	    0	    1	
    0	    0	    0	    1	    1	    0	    0	    1	    1	    0	
    0	    0	    1	    0	    0	    0	    0	    0	    0	    1	
    0	    1	    1	    0	    1	    1	    0	    1	    1	    1	
    0	    0	    0	    0	    1	    0	    0	    1	    0	    0	
    0	    1	    1	    0	    0	    0	    0	    0	    0	    0	
    0	    0	    0	    1	    0	    0	    1	    0	    0	    0	
    0	    1	    0	    1	    0	    0	    0	    0	    0	    1	
    0	    0	    0	    1	    1	    0	    0	    0	    0	    0	
    1	    0	    0	    0	    0	    0	    0	    0	    0	    0	
    1	    0	    1	    0	    0	    0	    1	    1	    0	    0	
    1	    0	    0	    0	    0	    0	    0	    0	    0	    0	
    0	    1	    0	    0	    0	    0	    0	    0	    0	    0	
    0	    0	    1	    0	    0	    0	    0	    0	    0	    0	
    0	    0	    0	    1	    0	    0	    0	    0	    0	    0	
    0	    0	    0	    0	    1	    0	    0	    0	    0	    0	
    0	    0	    0	    0	    0	    1	    0	    0	    0	    0	
    0	    0	    0	    0	    0	    0	    1	    0	    0	    0	
    0	    0	    0	    0	    0	    0	    0	    1	    0	    0	
    0	    0	    0	    0	    0	    0	    0	    0	    1	    0	
    0	    0	    0	    0	    0	    0	    0	    0	    0	    1	


0	65	110	65	115	30	90	115	90	115	80	65	30	105	30	100	50	55	70	85	70	85	40	65	90	100	95	90	90	50	55	55	60	90	70	95	60	35	70	35	75	35	70	105	115	105	65	105	60	55	60	65	50	35	75	90	75	100	90	50	50	40	50	80	50	35	55	75	105	110	105	100	65	40	120	100	95	65	75	95	110	95	50	65	100	40	80	80	70	40	60	75	120	70	90	30	50	100	85	30	50	60	60	60	60	60	60	60	60	60	60	
0	565	870	555	805	570	585	555	895	725	495	565	795	600	960	540	535	455	775	885	455	810	760	695	785	675	790	425	430	595	655	855	670	735	620	610	705	735	635	645	855	600	580	885	545	555	830	815	895	565	730	705	480	455	520	765	960	450	630	560	1005	655	495	495	620	550	650	835	540	645	945	635	500	645	640	820	600	820	755	635	455	485	730	775	520	620	640	630	475	585	585	455	970	960	890	715	485	615	680	650	665	600	750	840	600	810	780	600	900	780	900	
1440	1040	1045	1070	1160	955	860	675	1030	880	1020	940	1015	780	1190	1060	780	925	1240	1215	800	1010	1175	885	1010	920	1060	860	580	900	930	990	1180	1135	960	1100	1030	985	1005	925	1175	1000	710	1145	760	895	1025	1225	1185	1100	910	1070	880	665	925	1015	1125	805	790	895	1115	825	590	595	1075	845	740	1000	1005	825	1220	955	975	990	1130	1090	775	980	940	1170	800	885	1225	905	975	1005	900	1060	835	1045	940	970	1090	1135	1045	935	1000	920	945	750	1050	780	930	1020	780	990	960	780	1080	960	1080	


420	570	660	420	630	600	420	720	600	720	
960	1110	1200	960	1170	1140	960	1260	1140	1260	


1332
5400


 35.000000	 35.000000 
 41.000000	 49.000000 
 35.000000	 17.000000 
 55.000000	 45.000000 
 55.000000	 20.000000 
 15.000000	 30.000000 
 25.000000	 30.000000 
 20.000000	 50.000000 
 10.000000	 43.000000 
 55.000000	 60.000000 
 30.000000	 60.000000 
 20.000000	 65.000000 
 50.000000	 35.000000 
 30.000000	 25.000000 
 15.000000	 10.000000 
 30.000000	  5.000000 
 10.000000	 20.000000 
  5.000000	 30.000000 
 20.000000	 40.000000 
 15.000000	 60.000000 
 45.000000	 65.000000 
 45.000000	 20.000000 
 45.000000	 10.000000 
 55.000000	  5.000000 
 65.000000	 35.000000 
 65.000000	 20.000000 
 45.000000	 30.000000 
 35.000000	 40.000000 
 41.000000	 37.000000 
 64.000000	 42.000000 
 40.000000	 60.000000 
 31.000000	 52.000000 
 35.000000	 69.000000 
 53.000000	 52.000000 
 65.000000	 55.000000 
 63.000000	 65.000000 
  2.000000	 60.000000 
 20.000000	 20.000000 
  5.000000	  5.000000 
 60.000000	 12.000000 
 40.000000	 25.000000 
 42.000000	  7.000000 
 24.000000	 12.000000 
 23.000000	  3.000000 
 11.000000	 14.000000 
  6.000000	 38.000000 
  2.000000	 48.000000 
  8.000000	 56.000000 
 13.000000	 52.000000 
  6.000000	 68.000000 
 47.000000	 47.000000 
 49.000000	 58.000000 
 27.000000	 43.000000 
 37.000000	 31.000000 
 57.000000	 29.000000 
 63.000000	 23.000000 
 53.000000	 12.000000 
 32.000000	 12.000000 
 36.000000	 26.000000 
 21.000000	 24.000000 
 17.000000	 34.000000 
 12.000000	 24.000000 
 24.000000	 58.000000 
 27.000000	 69.000000 
 15.000000	 77.000000 
 62.000000	 77.000000 
 49.000000	 73.000000 
 67.000000	  5.000000 
 56.000000	 39.000000 
 37.000000	 47.000000 
 37.000000	 56.000000 
 57.000000	 68.000000 
 47.000000	 16.000000 
 44.000000	 17.000000 
 46.000000	 13.000000 
 49.000000	 11.000000 
 49.000000	 42.000000 
 53.000000	 43.000000 
 61.000000	 52.000000 
 57.000000	 48.000000 
 56.000000	 37.000000 
 55.000000	 54.000000 
 15.000000	 47.000000 
 14.000000	 37.000000 
 11.000000	 31.000000 
 16.000000	 22.000000 
  4.000000	 18.000000 
 28.000000	 18.000000 
 26.000000	 52.000000 
 26.000000	 35.000000 
 31.000000	 67.000000 
 15.000000	 19.000000 
 22.000000	 22.000000 
 18.000000	 24.000000 
 26.000000	 27.000000 
 25.000000	 24.000000 
 22.000000	 27.000000 
 25.000000	 21.000000 
 19.000000	 21.000000 
 20.000000	 26.000000 
 18.000000	 18.000000 
