
  100
   15


    0 
    8 
    4 
    8 
    5 
    1 
   10 
    7 
    6 
    8 
    7 
    9 
    1 
   10 
   10 
    1 
    8 
    8 
    3 
    3 
   10 
    3 
    8 
    4 
    2 
    7 
    3 
   10 
    3 
    8 
    4 
    9 
    9 
   10 
    9 
    6 
    6 
    5 
    4 
    9 
    5 
    7 
    4 
    2 
    6 
    9 
    4 
    5 
   10 
    4 
    7 
    9 
   10 
    8 
    5 
    5 
    6 
    9 
    3 
    6 
    9 
    1 
    5 
    8 
    3 
    7 
    3 
   10 
    3 
    9 
    6 
    7 
   10 
    1 
    9 
    3 
   10 
    3 
    4 
    6 
    1 
    6 
    3 
    8 
    3 
    8 
    4 
    1 
    9 
    8 
    5 
    6 
    6 
    5 
    4 
    3 
    9 
    7 
    5 
    9 
    5 
   10 
   10 
   10 
   10 
   10 
   10 
   10 
   10 
   10 
   10 
   10 
   10 
   10 
   10 
   10 

    0	    0	    0	    0	    0	    0	    0	    0	    0	    0	    0	    0	    0	    0	    0	
    1	    0	    1	    0	    0	    1	    1	    0	    0	    1	    1	    0	    1	    0	    0	
    0	    1	    1	    1	    0	    1	    1	    1	    1	    0	    1	    1	    0	    1	    1	
    0	    1	    0	    0	    0	    0	    0	    1	    0	    0	    0	    1	    0	    1	    1	
    1	    0	    0	    0	    0	    1	    0	    0	    0	    0	    1	    0	    0	    0	    0	
    0	    1	    0	    0	    0	    0	    0	    1	    1	    0	    0	    1	    0	    1	    1	
    1	    0	    1	    1	    0	    1	    1	    0	    0	    0	    0	    1	    1	    0	    0	
    0	    0	    1	    1	    0	    0	    1	    0	    1	    1	    0	    1	    1	    1	    1	
    1	    0	    0	    1	    0	    0	    1	    0	    0	    0	    0	    1	    0	    0	    0	
    1	    0	    0	    1	    0	    0	    0	    0	    0	    0	    0	    0	    1	    1	    1	
    1	    1	    1	    1	    1	    1	    1	    1	    1	    1	    1	    1	    1	    1	    1	
    0	    1	    0	    0	    0	    0	    0	    0	    1	    0	    0	    1	    0	    0	    1	
    1	    1	    1	    1	    1	    0	    1	    1	    0	    1	    1	    1	    1	    0	    1	
    0	    0	    1	    0	    0	    0	    1	    0	    0	    1	    1	    0	    1	    0	    0	
    1	    1	    0	    0	    1	    0	    0	    0	    0	    0	    1	    0	    0	    0	    0	
    0	    0	    0	    1	    0	    1	    1	    0	    0	    0	    1	    0	    0	    0	    0	
    1	    0	    0	    0	    1	    1	    1	    0	    0	    0	    0	    0	    0	    0	    0	
    1	    0	    1	    1	    1	    1	    1	    0	    0	    1	    1	    0	    1	    0	    0	
    0	    0	    0	    0	    0	    0	    0	    0	    0	    0	    0	    1	    0	    0	    1	
    1	    0	    1	    1	    1	    1	    1	    0	    0	    1	    1	    1	    1	    0	    0	
    0	    0	    1	    1	    1	    1	    0	    0	    0	    1	    1	    0	    1	    0	    0	
    0	    1	    0	    1	    0	    1	    0	    1	    0	    0	    1	    0	    0	    1	    0	
    0	    0	    0	    0	    0	    0	    0	    0	    1	    0	    0	    0	    0	    0	    0	
    1	    0	    0	    0	    0	    1	    0	    0	    0	    0	    1	    1	    0	    0	    0	
    1	    0	    0	    0	    0	    1	    0	    0	    0	    0	    1	    0	    1	    0	    0	
    0	    0	    1	    1	    1	    0	    0	    1	    1	    0	    0	    1	    0	    1	    0	
    0	    1	    0	    0	    1	    0	    0	    1	    0	    0	    0	    1	    0	    1	    1	
    0	    0	    1	    1	    0	    0	    1	    0	    0	    1	    0	    1	    0	    0	    0	
    0	    1	    1	    0	    1	    0	    0	    0	    0	    0	    0	    1	    0	    1	    0	
    0	    0	    0	    0	    0	    1	    1	    0	    0	    1	    0	    0	    1	    0	    0	
    0	    1	    1	    1	    1	    0	    0	    1	    0	    1	    0	    1	    1	    0	    1	
    0	    1	    0	    0	    0	    0	    0	    0	    0	    0	    1	    0	    0	    0	    0	
    0	    0	    0	    0	    0	    0	    0	    0	    0	    0	    0	    1	    1	    0	    0	
    0	    1	    0	    0	    1	    0	    0	    1	    0	    0	    0	    1	    0	    1	    1	
    0	    0	    1	    0	    0	    0	    0	    0	    0	    0	    0	    0	    0	    0	    0	
    0	    0	    0	    1	    1	    0	    0	    0	    1	    1	    0	    0	    0	    0	    0	
    1	    0	    1	    1	    1	    1	    0	    0	    0	    0	    0	    1	    1	    0	    0	
    0	    0	    0	    0	    0	    1	    1	    0	    0	    1	    0	    0	    0	    0	    0	
    0	    0	    0	    1	    0	    0	    0	    0	    0	    0	    1	    1	    0	    0	    0	
    0	    0	    0	    0	    0	    0	    1	    0	    0	    1	    0	    0	    0	    0	    0	
    1	    0	    0	    0	    0	    1	    1	    0	    0	    0	    1	    0	    1	    0	    0	
    0	    1	    0	    0	    1	    0	    0	    1	    1	    0	    0	    1	    0	    1	    1	
    1	    1	    1	    1	    1	    1	    1	    1	    1	    0	    1	    1	    1	    1	    1	
    1	    0	    0	    1	    0	    1	    0	    0	    0	    1	    0	    0	    1	    0	    0	
    0	    0	    1	    0	    0	    1	    0	    0	    0	    1	    1	    0	    1	    0	    0	
    0	    0	    0	    1	    0	    1	    0	    0	    1	    0	    0	    1	    1	    1	    1	
    1	    0	    1	    1	    0	    1	    1	    0	    0	    0	    0	    0	    0	    0	    0	
    0	    0	    0	    0	    0	    0	    0	    0	    1	    0	    0	    1	    0	    1	    1	
    0	    0	    0	    1	    0	    0	    1	    0	    0	    0	    0	    0	    0	    0	    0	
    1	    0	    1	    1	    1	    1	    1	    0	    0	    1	    1	    1	    1	    0	    0	
    1	    1	    1	    1	    1	    1	    1	    0	    0	    1	    1	    1	    1	    0	    0	
    0	    1	    0	    0	    0	    0	    0	    1	    1	    0	    0	    1	    0	    1	    1	
    1	    0	    0	    0	    0	    0	    0	    0	    0	    1	    0	    0	    0	    0	    0	
    0	    1	    1	    0	    1	    0	    1	    1	    0	    0	    0	    1	    1	    1	    0	
    1	    0	    1	    0	    1	    0	    0	    0	    0	    0	    0	    0	    0	    0	    0	
    0	    0	    0	    0	    0	    0	    0	    0	    1	    0	    0	    1	    0	    1	    0	
    0	    1	    1	    1	    1	    0	    0	    1	    1	    1	    0	    1	    1	    1	    1	
    0	    0	    1	    0	    0	    1	    1	    0	    0	    1	    0	    0	    1	    0	    0	
    0	    1	    1	    1	    0	    0	    0	    1	    1	    1	    0	    1	    1	    1	    1	
    0	    1	    0	    0	    0	    0	    0	    1	    1	    0	    0	    1	    0	    1	    1	
    0	    0	    0	    0	    1	    0	    1	    0	    0	    0	    0	    0	    0	    0	    0	
    0	    1	    0	    0	    0	    0	    0	    0	    0	    0	    0	    0	    0	    0	    0	
    1	    1	    1	    1	    1	    1	    1	    0	    1	    1	    1	    1	    1	    1	    1	
    0	    1	    0	    0	    0	    0	    0	    1	    0	    0	    0	    0	    0	    1	    0	
    1	    0	    1	    1	    1	    1	    1	    0	    0	    1	    1	    0	    1	    0	    0	
    1	    0	    1	    1	    0	    1	    0	    0	    0	    1	    1	    0	    1	    0	    0	
    0	    1	    1	    1	    1	    0	    0	    1	    0	    0	    0	    1	    0	    1	    1	
    1	    0	    0	    0	    1	    1	    1	    0	    0	    1	    1	    1	    0	    0	    0	
    1	    1	    1	    1	    1	    1	    1	    1	    1	    1	    1	    1	    1	    1	    1	
    1	    0	    1	    0	    0	    1	    0	    0	    0	    1	    1	    0	    1	    0	    0	
    1	    0	    1	    0	    1	    1	    0	    0	    0	    1	    1	    0	    1	    0	    0	
    0	    1	    0	    0	    1	    0	    0	    1	    1	    0	    0	    1	    0	    1	    1	
    0	    0	    0	    1	    0	    1	    1	    1	    0	    1	    1	    0	    0	    1	    1	
    1	    0	    1	    1	    1	    1	    1	    0	    0	    1	    1	    0	    1	    0	    0	
    0	    0	    0	    1	    1	    0	    0	    0	    0	    0	    0	    1	    0	    1	    1	
    0	    0	    0	    0	    0	    0	    0	    1	    1	    1	    1	    0	    1	    0	    0	
    0	    0	    0	    0	    0	    0	    0	    0	    0	    0	    0	    0	    0	    1	    0	
    0	    0	    0	    0	    0	    0	    0	    0	    0	    1	    0	    0	    1	    0	    0	
    0	    0	    0	    0	    0	    0	    0	    1	    1	    0	    0	    0	    0	    1	    1	
    1	    0	    0	    1	    1	    1	    1	    0	    0	    1	    1	    0	    0	    0	    0	
    1	    1	    1	    1	    1	    1	    1	    0	    0	    1	    1	    1	    1	    0	    0	
    0	    0	    0	    0	    0	    0	    0	    1	    1	    0	    0	    0	    0	    0	    1	
    1	    0	    0	    1	    1	    0	    1	    0	    1	    1	    1	    1	    1	    0	    1	
    1	    0	    1	    1	    1	    0	    1	    0	    0	    1	    1	    0	    0	    0	    0	
    0	    1	    0	    0	    0	    0	    0	    1	    1	    0	    0	    1	    0	    1	    1	
    0	    0	    1	    1	    1	    0	    0	    1	    1	    0	    0	    1	    0	    1	    1	
    1	    1	    1	    1	    1	    1	    1	    1	    1	    1	    1	    1	    1	    1	    1	
    1	    0	    1	    1	    0	    0	    0	    0	    0	    1	    0	    0	    1	    0	    0	
    0	    0	    1	    1	    0	    0	    1	    0	    1	    0	    0	    1	    1	    1	    1	
    0	    1	    0	    0	    0	    0	    0	    1	    1	    0	    0	    1	    0	    1	    1	
    0	    1	    0	    0	    0	    0	    0	    0	    0	    0	    0	    1	    0	    1	    1	
    1	    0	    1	    0	    0	    1	    1	    0	    0	    0	    1	    0	    1	    0	    0	
    1	    0	    1	    1	    1	    1	    1	    0	    0	    1	    1	    0	    1	    0	    0	
    0	    0	    0	    1	    1	    0	    0	    0	    1	    0	    0	    0	    0	    1	    1	
    1	    0	    1	    0	    0	    1	    1	    0	    0	    1	    1	    0	    1	    0	    0	
    0	    1	    0	    0	    0	    0	    0	    1	    1	    0	    0	    1	    0	    1	    1	
    1	    1	    0	    0	    1	    1	    0	    1	    1	    0	    1	    0	    0	    1	    1	
    0	    1	    0	    0	    1	    0	    0	    1	    0	    0	    0	    1	    0	    1	    1	
    0	    0	    1	    1	    0	    1	    0	    0	    0	    0	    1	    0	    1	    0	    0	
    0	    0	    0	    0	    0	    0	    0	    0	    0	    0	    0	    1	    0	    0	    0	
    0	    1	    0	    0	    0	    0	    0	    0	    1	    0	    0	    1	    0	    1	    1	
    1	    0	    0	    0	    0	    0	    0	    0	    0	    0	    0	    0	    0	    0	    0	
    0	    1	    0	    0	    0	    0	    0	    0	    0	    0	    0	    0	    0	    0	    0	
    0	    0	    1	    0	    0	    0	    0	    0	    0	    0	    0	    0	    0	    0	    0	
    0	    0	    0	    1	    0	    0	    0	    0	    0	    0	    0	    0	    0	    0	    0	
    0	    0	    0	    0	    1	    0	    0	    0	    0	    0	    0	    0	    0	    0	    0	
    0	    0	    0	    0	    0	    1	    0	    0	    0	    0	    0	    0	    0	    0	    0	
    0	    0	    0	    0	    0	    0	    1	    0	    0	    0	    0	    0	    0	    0	    0	
    0	    0	    0	    0	    0	    0	    0	    1	    0	    0	    0	    0	    0	    0	    0	
    0	    0	    0	    0	    0	    0	    0	    0	    1	    0	    0	    0	    0	    0	    0	
    0	    0	    0	    0	    0	    0	    0	    0	    0	    1	    0	    0	    0	    0	    0	
    0	    0	    0	    0	    0	    0	    0	    0	    0	    0	    1	    0	    0	    0	    0	
    0	    0	    0	    0	    0	    0	    0	    0	    0	    0	    0	    1	    0	    0	    0	
    0	    0	    0	    0	    0	    0	    0	    0	    0	    0	    0	    0	    1	    0	    0	
    0	    0	    0	    0	    0	    0	    0	    0	    0	    0	    0	    0	    0	    1	    0	
    0	    0	    0	    0	    0	    0	    0	    0	    0	    0	    0	    0	    0	    0	    1	


0	35	65	55	115	45	85	85	90	65	95	65	115	90	85	105	80	115	75	105	65	45	85	30	115	85	95	55	85	65	85	45	60	120	80	120	35	90	110	100	45	60	90	75	100	45	55	30	80	65	105	35	30	45	30	120	70	85	115	100	60	85	100	95	35	120	65	85	65	55	95	95	100	70	40	50	95	115	80	40	35	30	110	90	45	55	80	40	105	100	90	35	70	110	95	30	120	35	35	35	70	60	60	60	60	60	60	60	60	60	60	60	60	60	60	60	
0	505	805	1025	465	1045	635	795	645	790	710	1060	690	480	685	515	605	595	960	650	585	695	1030	635	440	910	970	705	920	760	900	815	595	875	510	830	615	465	625	805	450	990	710	595	465	845	605	1045	750	645	655	1050	490	870	690	945	890	520	865	970	655	880	765	840	585	530	950	655	845	480	575	955	750	620	940	780	820	570	970	555	670	1040	650	545	1075	955	700	535	690	1045	1025	490	545	900	455	1105	730	1015	465	705	1000	600	870	690	720	750	600	630	900	900	660	600	840	660	900	900	
1440	605	945	1155	655	1180	785	955	815	935	870	1190	875	650	860	690	755	785	1105	825	720	810	1185	745	625	1070	1130	820	1080	895	1065	930	735	1060	660	1020	725	620	795	970	560	1120	870	750	650	965	735	1155	895	790	850	1170	610	985	780	1155	1035	670	1070	1160	800	1040	955	1025	695	720	1095	800	975	625	745	1120	920	770	1065	895	985	760	1110	670	795	1150	850	695	1180	1090	860	640	870	1210	1205	585	675	1095	630	1195	910	1130	590	820	1130	780	1050	870	900	930	780	810	1080	1080	840	780	1020	840	1080	1080	


420	690	510	540	570	420	450	720	720	480	420	660	480	720	720	
960	1230	1050	1080	1110	960	990	1260	1260	1020	960	1200	1020	1260	1260	


1312
8100


 40.000000	 50.000000 
 25.000000	 85.000000 
 72.000000	 35.000000 
 22.000000	 75.000000 
 55.000000	 20.000000 
 22.000000	 85.000000 
 25.000000	 30.000000 
 20.000000	 80.000000 
 20.000000	 50.000000 
 20.000000	 85.000000 
 55.000000	 60.000000 
 18.000000	 75.000000 
 30.000000	 60.000000 
 15.000000	 75.000000 
 50.000000	 35.000000 
 15.000000	 80.000000 
 30.000000	 25.000000 
 10.000000	 35.000000 
 15.000000	 10.000000 
 10.000000	 40.000000 
 10.000000	 20.000000 
  8.000000	 40.000000 
 15.000000	 60.000000 
  8.000000	 45.000000 
 45.000000	 65.000000 
  5.000000	 35.000000 
 65.000000	 35.000000 
  5.000000	 45.000000 
 65.000000	 20.000000 
  2.000000	 40.000000 
 45.000000	 30.000000 
  0.000000	 40.000000 
 35.000000	 40.000000 
  0.000000	 45.000000 
 41.000000	 37.000000 
 44.000000	  5.000000 
 64.000000	 42.000000 
 42.000000	 10.000000 
 40.000000	 60.000000 
 42.000000	 15.000000 
 31.000000	 52.000000 
 40.000000	  5.000000 
 35.000000	 69.000000 
 40.000000	 15.000000 
 65.000000	 55.000000 
 38.000000	  5.000000 
 63.000000	 65.000000 
 38.000000	 15.000000 
  2.000000	 60.000000 
 35.000000	  5.000000 
 20.000000	 20.000000 
 95.000000	 30.000000 
  5.000000	  5.000000 
 95.000000	 35.000000 
 60.000000	 12.000000 
 92.000000	 30.000000 
 23.000000	  3.000000 
 90.000000	 35.000000 
  8.000000	 56.000000 
 88.000000	 30.000000 
  6.000000	 68.000000 
 88.000000	 35.000000 
 47.000000	 47.000000 
 87.000000	 30.000000 
 49.000000	 58.000000 
 85.000000	 25.000000 
 27.000000	 43.000000 
 85.000000	 35.000000 
 37.000000	 31.000000 
 67.000000	 85.000000 
 57.000000	 29.000000 
 65.000000	 85.000000 
 63.000000	 23.000000 
 65.000000	 82.000000 
 21.000000	 24.000000 
 62.000000	 80.000000 
 12.000000	 24.000000 
 60.000000	 80.000000 
 24.000000	 58.000000 
 60.000000	 85.000000 
 67.000000	  5.000000 
 58.000000	 75.000000 
 37.000000	 47.000000 
 55.000000	 80.000000 
 49.000000	 42.000000 
 55.000000	 85.000000 
 53.000000	 43.000000 
 55.000000	 82.000000 
 61.000000	 52.000000 
 20.000000	 82.000000 
 57.000000	 48.000000 
 18.000000	 80.000000 
 56.000000	 37.000000 
  2.000000	 45.000000 
 55.000000	 54.000000 
 42.000000	  5.000000 
  4.000000	 18.000000 
 42.000000	 12.000000 
 26.000000	 52.000000 
 26.000000	 35.000000 
 31.000000	 67.000000 
