
  100
   15


    0 
   10 
    6 
    2 
    4 
    3 
    6 
    5 
    5 
    9 
    1 
    5 
    9 
    5 
   10 
    8 
   10 
    9 
    9 
    7 
    1 
    1 
    7 
    1 
    3 
    5 
    8 
   10 
    8 
    6 
    1 
    6 
    2 
    3 
    9 
    8 
    6 
    8 
    6 
    3 
    9 
    5 
    6 
    6 
   10 
    4 
    1 
    8 
    9 
    9 
    6 
    3 
    7 
    1 
    5 
    8 
    9 
    6 
    4 
   10 
    9 
    2 
   10 
    6 
    3 
    5 
    9 
   10 
    1 
    5 
    6 
   10 
    8 
    5 
    8 
    2 
    4 
    2 
    1 
    4 
    3 
    5 
    1 
    5 
    3 
    3 
   10 
    5 
    8 
    9 
    3 
    1 
    5 
    9 
    6 
    4 
    5 
    2 
    5 
    6 
    3 
   10 
   10 
   10 
   10 
   10 
   10 
   10 
   10 
   10 
   10 
   10 
   10 
   10 
   10 
   10 

    0	    0	    0	    0	    0	    0	    0	    0	    0	    0	    0	    0	    0	    0	    0	
    0	    1	    1	    0	    1	    1	    1	    1	    0	    1	    1	    1	    0	    1	    1	
    1	    1	    0	    0	    1	    1	    1	    1	    1	    1	    1	    1	    0	    1	    1	
    0	    0	    0	    0	    0	    1	    0	    0	    0	    0	    0	    0	    0	    0	    0	
    0	    0	    0	    1	    1	    1	    1	    0	    1	    1	    1	    1	    0	    1	    1	
    0	    0	    0	    0	    0	    0	    0	    0	    0	    0	    0	    0	    0	    1	    0	
    0	    1	    0	    1	    0	    1	    0	    0	    0	    0	    0	    1	    0	    0	    1	
    1	    0	    1	    0	    1	    0	    1	    1	    1	    1	    1	    0	    1	    1	    0	
    0	    0	    0	    0	    1	    0	    1	    1	    1	    1	    1	    0	    0	    1	    0	
    0	    1	    1	    1	    1	    1	    0	    0	    0	    0	    1	    1	    0	    0	    1	
    1	    1	    1	    1	    1	    1	    1	    1	    0	    1	    1	    1	    1	    1	    1	
    1	    0	    0	    1	    1	    0	    1	    1	    0	    1	    0	    1	    1	    0	    1	
    0	    1	    0	    1	    0	    0	    0	    0	    0	    0	    1	    1	    0	    0	    0	
    0	    0	    0	    0	    1	    0	    1	    1	    0	    0	    0	    1	    0	    0	    0	
    1	    1	    1	    1	    1	    1	    1	    1	    1	    1	    1	    0	    1	    1	    1	
    0	    0	    0	    0	    1	    0	    0	    0	    0	    0	    0	    0	    1	    0	    0	
    1	    1	    1	    1	    0	    1	    1	    1	    1	    1	    1	    0	    1	    1	    1	
    0	    0	    1	    0	    0	    1	    1	    0	    1	    0	    0	    1	    0	    0	    1	
    0	    0	    0	    1	    1	    0	    1	    1	    0	    1	    0	    0	    1	    0	    0	
    0	    1	    0	    0	    0	    0	    0	    0	    0	    0	    0	    0	    0	    0	    0	
    1	    0	    0	    1	    0	    0	    0	    1	    1	    0	    0	    0	    1	    0	    0	
    1	    0	    0	    0	    1	    0	    0	    1	    1	    1	    0	    1	    0	    1	    1	
    0	    1	    0	    1	    0	    0	    1	    0	    0	    1	    1	    1	    1	    0	    1	
    1	    0	    0	    0	    0	    0	    1	    1	    0	    1	    1	    0	    1	    0	    0	
    1	    1	    0	    1	    0	    0	    0	    1	    0	    0	    0	    1	    0	    0	    1	
    0	    0	    0	    0	    1	    0	    0	    1	    1	    0	    1	    0	    1	    0	    1	
    1	    1	    0	    1	    1	    1	    1	    0	    0	    1	    0	    0	    0	    1	    1	
    0	    1	    0	    0	    1	    1	    1	    0	    1	    1	    0	    1	    1	    1	    1	
    0	    0	    0	    0	    0	    0	    0	    0	    0	    0	    0	    1	    0	    1	    0	
    1	    1	    1	    1	    1	    1	    1	    1	    1	    1	    0	    1	    1	    0	    0	
    1	    0	    0	    1	    0	    1	    1	    0	    0	    1	    1	    1	    1	    1	    0	
    1	    0	    0	    0	    0	    0	    1	    1	    1	    1	    1	    0	    1	    1	    0	
    1	    1	    1	    1	    1	    1	    1	    1	    1	    1	    1	    1	    1	    1	    1	
    1	    0	    0	    0	    0	    0	    1	    0	    0	    0	    0	    1	    0	    0	    0	
    1	    0	    0	    0	    0	    0	    0	    1	    0	    1	    1	    0	    0	    0	    0	
    1	    1	    1	    1	    1	    1	    1	    0	    1	    0	    1	    1	    1	    1	    1	
    1	    0	    1	    0	    0	    1	    0	    0	    1	    1	    0	    1	    1	    0	    0	
    1	    0	    0	    0	    0	    0	    0	    1	    0	    0	    0	    0	    0	    1	    0	
    1	    1	    1	    1	    1	    0	    1	    1	    1	    1	    1	    1	    1	    1	    1	
    0	    0	    0	    0	    0	    0	    0	    0	    0	    1	    0	    0	    1	    0	    0	
    0	    0	    0	    0	    0	    1	    0	    0	    0	    0	    0	    0	    0	    0	    0	
    0	    1	    1	    1	    0	    1	    0	    0	    0	    0	    1	    1	    0	    0	    1	
    0	    0	    1	    1	    1	    1	    0	    0	    0	    0	    1	    1	    0	    1	    0	
    1	    1	    0	    1	    1	    1	    1	    1	    1	    0	    1	    1	    1	    0	    1	
    1	    1	    1	    1	    1	    1	    1	    1	    1	    1	    1	    1	    1	    1	    1	
    1	    1	    1	    1	    1	    1	    1	    1	    1	    0	    1	    1	    1	    1	    1	
    1	    1	    0	    1	    1	    1	    1	    1	    1	    0	    1	    1	    1	    0	    0	
    0	    1	    0	    1	    0	    1	    0	    0	    0	    0	    0	    1	    0	    0	    0	
    0	    0	    0	    0	    0	    0	    0	    0	    1	    0	    1	    0	    1	    1	    0	
    0	    0	    0	    0	    0	    1	    0	    1	    0	    0	    0	    1	    1	    1	    0	
    1	    1	    1	    1	    1	    1	    0	    1	    1	    1	    1	    1	    1	    1	    0	
    0	    0	    0	    1	    0	    1	    0	    0	    0	    0	    0	    1	    0	    0	    0	
    0	    0	    1	    0	    0	    0	    0	    0	    0	    0	    0	    0	    0	    0	    0	
    1	    0	    0	    0	    1	    0	    1	    1	    1	    1	    1	    0	    1	    1	    0	
    1	    1	    1	    1	    1	    1	    1	    1	    1	    1	    1	    1	    1	    0	    1	
    0	    0	    0	    0	    0	    0	    0	    0	    0	    0	    0	    0	    0	    0	    1	
    0	    0	    1	    0	    0	    0	    0	    1	    1	    1	    0	    0	    0	    0	    0	
    0	    0	    1	    1	    1	    0	    0	    1	    0	    1	    0	    0	    0	    0	    0	
    0	    1	    0	    0	    0	    0	    0	    0	    0	    0	    0	    0	    0	    0	    1	
    1	    0	    1	    1	    0	    1	    1	    1	    1	    1	    1	    0	    1	    1	    1	
    0	    0	    0	    1	    0	    1	    0	    0	    0	    1	    0	    0	    1	    0	    1	
    0	    0	    0	    0	    0	    0	    0	    0	    1	    0	    0	    0	    1	    0	    0	
    0	    0	    1	    0	    1	    0	    1	    0	    1	    0	    0	    0	    1	    0	    1	
    1	    1	    0	    1	    1	    0	    1	    0	    1	    0	    1	    0	    1	    1	    1	
    0	    0	    0	    0	    0	    0	    1	    0	    0	    0	    0	    0	    0	    1	    0	
    1	    0	    1	    0	    0	    0	    1	    1	    0	    0	    0	    1	    0	    0	    0	
    1	    1	    1	    1	    1	    1	    1	    1	    1	    1	    1	    1	    1	    1	    1	
    1	    0	    1	    0	    1	    0	    1	    1	    1	    1	    1	    0	    1	    1	    0	
    0	    0	    0	    0	    0	    0	    0	    0	    0	    1	    1	    1	    0	    1	    0	
    0	    1	    0	    1	    0	    0	    0	    0	    0	    0	    0	    1	    0	    0	    1	
    0	    1	    0	    1	    0	    0	    0	    0	    1	    0	    1	    0	    0	    1	    0	
    1	    0	    1	    0	    0	    0	    1	    1	    0	    1	    1	    0	    0	    1	    0	
    1	    1	    0	    1	    1	    0	    1	    0	    1	    0	    1	    0	    1	    0	    0	
    0	    0	    0	    1	    1	    1	    1	    1	    1	    1	    1	    1	    1	    1	    1	
    0	    0	    0	    1	    0	    0	    1	    1	    0	    0	    0	    0	    0	    0	    1	
    1	    0	    1	    1	    0	    1	    1	    1	    0	    1	    1	    0	    0	    0	    1	
    1	    1	    1	    1	    1	    1	    1	    1	    1	    1	    1	    1	    1	    1	    1	
    0	    1	    1	    0	    1	    0	    0	    0	    0	    0	    1	    0	    1	    0	    0	
    1	    0	    0	    0	    0	    0	    0	    0	    0	    0	    0	    0	    0	    0	    0	
    0	    0	    0	    0	    0	    0	    0	    1	    0	    1	    1	    1	    0	    1	    0	
    0	    0	    0	    0	    0	    0	    0	    0	    0	    0	    0	    0	    0	    0	    1	
    1	    0	    1	    1	    0	    0	    0	    1	    0	    0	    0	    1	    0	    0	    0	
    0	    1	    0	    1	    0	    0	    0	    0	    0	    0	    1	    0	    0	    0	    0	
    1	    1	    1	    1	    1	    1	    1	    1	    1	    1	    1	    1	    1	    1	    0	
    0	    0	    0	    1	    0	    1	    1	    1	    0	    0	    0	    1	    0	    0	    0	
    0	    0	    0	    0	    0	    0	    0	    0	    0	    1	    0	    0	    0	    0	    0	
    1	    1	    1	    1	    1	    1	    1	    1	    1	    1	    1	    1	    1	    1	    1	
    0	    0	    0	    0	    0	    1	    0	    0	    0	    0	    0	    1	    1	    0	    0	
    1	    0	    0	    0	    1	    0	    1	    1	    1	    1	    0	    0	    1	    1	    0	
    1	    1	    1	    1	    1	    1	    1	    1	    1	    1	    1	    1	    1	    1	    1	
    0	    0	    1	    0	    0	    0	    0	    0	    0	    0	    0	    0	    0	    0	    0	
    0	    1	    0	    0	    0	    0	    0	    0	    0	    0	    0	    0	    0	    1	    0	
    0	    1	    1	    1	    1	    1	    0	    0	    0	    0	    1	    1	    0	    0	    1	
    1	    1	    1	    1	    1	    1	    1	    0	    1	    1	    1	    0	    1	    1	    1	
    1	    1	    1	    1	    0	    1	    0	    0	    0	    0	    0	    1	    1	    0	    1	
    1	    0	    1	    1	    0	    0	    1	    1	    0	    0	    1	    1	    1	    1	    0	
    1	    1	    1	    1	    1	    1	    1	    1	    0	    1	    1	    1	    1	    1	    1	
    0	    0	    0	    0	    0	    0	    0	    0	    1	    0	    0	    0	    0	    0	    0	
    0	    1	    0	    1	    1	    1	    1	    1	    1	    1	    1	    1	    0	    1	    1	
    0	    0	    0	    0	    0	    0	    0	    0	    0	    0	    0	    0	    0	    0	    1	
    1	    1	    1	    1	    1	    1	    1	    1	    1	    0	    1	    1	    1	    1	    0	
    1	    0	    0	    0	    0	    0	    0	    0	    0	    0	    0	    0	    0	    0	    0	
    0	    1	    0	    0	    0	    0	    0	    0	    0	    0	    0	    0	    0	    0	    0	
    0	    0	    1	    0	    0	    0	    0	    0	    0	    0	    0	    0	    0	    0	    0	
    0	    0	    0	    1	    0	    0	    0	    0	    0	    0	    0	    0	    0	    0	    0	
    0	    0	    0	    0	    1	    0	    0	    0	    0	    0	    0	    0	    0	    0	    0	
    0	    0	    0	    0	    0	    1	    0	    0	    0	    0	    0	    0	    0	    0	    0	
    0	    0	    0	    0	    0	    0	    1	    0	    0	    0	    0	    0	    0	    0	    0	
    0	    0	    0	    0	    0	    0	    0	    1	    0	    0	    0	    0	    0	    0	    0	
    0	    0	    0	    0	    0	    0	    0	    0	    1	    0	    0	    0	    0	    0	    0	
    0	    0	    0	    0	    0	    0	    0	    0	    0	    1	    0	    0	    0	    0	    0	
    0	    0	    0	    0	    0	    0	    0	    0	    0	    0	    1	    0	    0	    0	    0	
    0	    0	    0	    0	    0	    0	    0	    0	    0	    0	    0	    1	    0	    0	    0	
    0	    0	    0	    0	    0	    0	    0	    0	    0	    0	    0	    0	    1	    0	    0	
    0	    0	    0	    0	    0	    0	    0	    0	    0	    0	    0	    0	    0	    1	    0	
    0	    0	    0	    0	    0	    0	    0	    0	    0	    0	    0	    0	    0	    0	    1	


0	80	95	80	100	95	95	80	80	80	115	50	65	50	110	45	65	50	105	80	70	35	120	110	45	90	30	70	115	120	40	65	95	95	100	70	45	95	115	35	60	95	65	105	85	85	85	70	95	35	90	90	40	65	30	50	90	120	70	65	65	30	50	120	75	50	45	35	50	90	105	110	40	40	110	35	65	45	95	50	115	80	40	35	50	110	90	35	110	100	115	60	90	70	100	110	85	115	110	95	65	60	60	60	60	60	60	60	60	60	60	60	60	60	60	60	
0	715	680	615	705	755	980	575	535	880	805	650	930	520	815	485	735	830	725	460	665	780	760	580	480	700	875	760	630	470	510	525	470	610	635	640	850	540	650	475	670	905	895	455	710	815	720	710	550	685	605	985	785	610	600	1005	470	605	990	575	770	560	760	655	480	735	635	490	715	975	680	580	590	620	675	520	565	625	680	540	1020	620	990	580	720	550	795	655	545	795	805	670	880	680	800	675	520	795	700	1065	625	600	810	720	810	660	810	600	600	630	630	720	810	600	630	900	
1440	875	970	1045	940	1140	1205	690	645	1205	920	1155	1220	925	1230	790	1215	1205	1090	965	1085	1090	1090	760	1010	1050	1230	980	1165	835	975	650	935	1030	735	985	970	695	990	575	1090	1050	1195	890	865	1095	1005	855	710	855	765	1155	885	745	1135	1130	685	890	1140	840	1205	1065	1115	1175	615	1070	975	650	1055	1165	1150	765	820	890	980	1025	930	940	1105	1015	1135	765	1220	705	1000	775	1125	850	655	930	1040	880	1125	950	1070	1200	920	985	935	1210	735	780	990	900	990	840	990	780	780	810	810	900	990	780	810	1080	


420	630	540	630	480	630	420	420	450	450	540	630	420	450	720	
960	1170	1080	1170	1020	1170	960	960	990	990	1080	1170	960	990	1260	


1332
8100


 40.000000	 50.000000 
 25.000000	 85.000000 
 72.000000	 35.000000 
 22.000000	 75.000000 
 55.000000	 20.000000 
 22.000000	 85.000000 
 25.000000	 30.000000 
 20.000000	 80.000000 
 20.000000	 50.000000 
 20.000000	 85.000000 
 55.000000	 60.000000 
 18.000000	 75.000000 
 30.000000	 60.000000 
 15.000000	 75.000000 
 50.000000	 35.000000 
 15.000000	 80.000000 
 30.000000	 25.000000 
 10.000000	 35.000000 
 15.000000	 10.000000 
 10.000000	 40.000000 
 10.000000	 20.000000 
  8.000000	 40.000000 
 15.000000	 60.000000 
  8.000000	 45.000000 
 45.000000	 65.000000 
  5.000000	 35.000000 
 65.000000	 35.000000 
  5.000000	 45.000000 
 65.000000	 20.000000 
  2.000000	 40.000000 
 45.000000	 30.000000 
  0.000000	 40.000000 
 35.000000	 40.000000 
  0.000000	 45.000000 
 41.000000	 37.000000 
 44.000000	  5.000000 
 64.000000	 42.000000 
 42.000000	 10.000000 
 40.000000	 60.000000 
 42.000000	 15.000000 
 31.000000	 52.000000 
 40.000000	  5.000000 
 35.000000	 69.000000 
 40.000000	 15.000000 
 65.000000	 55.000000 
 38.000000	  5.000000 
 63.000000	 65.000000 
 38.000000	 15.000000 
  2.000000	 60.000000 
 35.000000	  5.000000 
 20.000000	 20.000000 
 95.000000	 30.000000 
  5.000000	  5.000000 
 95.000000	 35.000000 
 60.000000	 12.000000 
 92.000000	 30.000000 
 23.000000	  3.000000 
 90.000000	 35.000000 
  8.000000	 56.000000 
 88.000000	 30.000000 
  6.000000	 68.000000 
 88.000000	 35.000000 
 47.000000	 47.000000 
 87.000000	 30.000000 
 49.000000	 58.000000 
 85.000000	 25.000000 
 27.000000	 43.000000 
 85.000000	 35.000000 
 37.000000	 31.000000 
 67.000000	 85.000000 
 57.000000	 29.000000 
 65.000000	 85.000000 
 63.000000	 23.000000 
 65.000000	 82.000000 
 21.000000	 24.000000 
 62.000000	 80.000000 
 12.000000	 24.000000 
 60.000000	 80.000000 
 24.000000	 58.000000 
 60.000000	 85.000000 
 67.000000	  5.000000 
 58.000000	 75.000000 
 37.000000	 47.000000 
 55.000000	 80.000000 
 49.000000	 42.000000 
 55.000000	 85.000000 
 53.000000	 43.000000 
 55.000000	 82.000000 
 61.000000	 52.000000 
 20.000000	 82.000000 
 57.000000	 48.000000 
 18.000000	 80.000000 
 56.000000	 37.000000 
  2.000000	 45.000000 
 55.000000	 54.000000 
 42.000000	  5.000000 
  4.000000	 18.000000 
 42.000000	 12.000000 
 26.000000	 52.000000 
 26.000000	 35.000000 
 31.000000	 67.000000 
