
  150
   15


    0 
    3 
   10 
    3 
   10 
    6 
    2 
    4 
    1 
    3 
    1 
    4 
    5 
    7 
    1 
    7 
    4 
    4 
    8 
    9 
    5 
    9 
    3 
    6 
    4 
    4 
    8 
    5 
    2 
    8 
    5 
    8 
   10 
    6 
    9 
    9 
    8 
    1 
    9 
   10 
    6 
    2 
    2 
    8 
    5 
    3 
    5 
    3 
    7 
    7 
    9 
    7 
    7 
    9 
    5 
    6 
    9 
    9 
    9 
    6 
    6 
    3 
    4 
   10 
    7 
    9 
    7 
    7 
    9 
    8 
    7 
    3 
    6 
    1 
    6 
    3 
    9 
    9 
    2 
    6 
    6 
    8 
    4 
    2 
   10 
    9 
    9 
    3 
    6 
    8 
    8 
    7 
    1 
    1 
    1 
    7 
    8 
    8 
    3 
    5 
    8 
    7 
    6 
    5 
    2 
    7 
    9 
    6 
    6 
    5 
    7 
    6 
   10 
    7 
    1 
    8 
    8 
    5 
    9 
    1 
    5 
    6 
    8 
    6 
    6 
    4 
    5 
    6 
    8 
    8 
    3 
    5 
    3 
    8 
    6 
    6 
    4 
    2 
    3 
    9 
    6 
    1 
    4 
    8 
    4 
    5 
    2 
    7 
    4 
   10 
    3 
   10 
   10 
   10 
   10 
   10 
   10 
   10 
   10 
   10 
   10 
   10 
   10 
   10 
   10 
   10 

    0	    0	    0	    0	    0	    0	    0	    0	    0	    0	    0	    0	    0	    0	    0	
    1	    0	    0	    0	    0	    0	    0	    0	    0	    0	    1	    1	    1	    1	    1	
    1	    0	    1	    0	    1	    0	    0	    0	    1	    1	    1	    0	    1	    1	    1	
    0	    1	    0	    0	    1	    0	    0	    0	    0	    0	    0	    0	    0	    0	    0	
    0	    1	    0	    0	    0	    0	    0	    0	    0	    0	    0	    0	    0	    0	    0	
    0	    0	    1	    0	    1	    0	    1	    1	    1	    0	    1	    1	    0	    0	    1	
    1	    1	    0	    0	    0	    1	    1	    0	    1	    0	    0	    0	    0	    0	    0	
    1	    0	    1	    1	    1	    1	    1	    0	    1	    1	    1	    0	    1	    0	    1	
    0	    0	    0	    0	    0	    0	    0	    0	    0	    0	    1	    0	    0	    0	    0	
    1	    1	    1	    0	    1	    1	    1	    0	    1	    0	    1	    1	    1	    1	    1	
    0	    0	    1	    0	    0	    0	    0	    0	    1	    0	    0	    1	    0	    0	    0	
    1	    0	    1	    1	    1	    1	    1	    1	    1	    0	    1	    1	    1	    1	    1	
    1	    1	    0	    1	    1	    0	    1	    1	    1	    1	    0	    1	    0	    1	    1	
    1	    0	    1	    0	    1	    1	    0	    1	    0	    1	    0	    0	    1	    1	    1	
    0	    0	    1	    1	    1	    0	    0	    1	    0	    0	    1	    1	    1	    1	    1	
    0	    0	    0	    0	    0	    0	    0	    0	    0	    1	    0	    0	    0	    0	    1	
    1	    1	    1	    1	    1	    1	    1	    1	    1	    1	    0	    1	    1	    1	    1	
    0	    0	    1	    0	    1	    0	    1	    1	    0	    1	    0	    0	    0	    1	    0	
    1	    0	    1	    1	    0	    0	    0	    0	    1	    0	    0	    0	    0	    0	    1	
    1	    1	    1	    1	    0	    0	    1	    1	    1	    0	    0	    0	    1	    0	    0	
    1	    1	    1	    0	    1	    1	    0	    0	    0	    1	    1	    0	    0	    1	    1	
    0	    0	    1	    1	    0	    1	    0	    0	    1	    1	    0	    1	    1	    1	    1	
    1	    1	    1	    0	    1	    1	    1	    1	    1	    1	    1	    1	    1	    1	    1	
    1	    0	    0	    1	    1	    1	    0	    0	    0	    1	    0	    0	    1	    1	    0	
    0	    0	    1	    1	    1	    1	    1	    0	    1	    1	    1	    1	    1	    0	    1	
    1	    1	    0	    0	    0	    0	    0	    0	    1	    0	    1	    0	    0	    1	    1	
    0	    0	    1	    1	    1	    0	    1	    0	    0	    0	    0	    1	    0	    1	    1	
    0	    1	    1	    1	    1	    0	    1	    0	    1	    1	    1	    0	    1	    1	    1	
    0	    1	    1	    1	    1	    1	    1	    1	    1	    1	    1	    1	    1	    1	    1	
    1	    1	    1	    1	    1	    1	    1	    1	    1	    1	    1	    1	    1	    0	    1	
    0	    0	    0	    0	    0	    0	    0	    0	    0	    0	    1	    0	    0	    0	    0	
    0	    0	    0	    0	    0	    1	    0	    0	    0	    0	    0	    0	    1	    1	    1	
    0	    0	    0	    1	    1	    1	    0	    1	    0	    1	    1	    0	    0	    1	    1	
    0	    0	    1	    1	    0	    1	    0	    0	    1	    0	    1	    0	    0	    1	    0	
    1	    1	    1	    1	    1	    1	    1	    0	    1	    1	    1	    1	    1	    1	    1	
    1	    1	    1	    1	    1	    1	    0	    1	    1	    1	    1	    1	    1	    1	    1	
    0	    1	    0	    1	    0	    0	    0	    0	    0	    0	    0	    0	    0	    1	    0	
    0	    1	    0	    0	    0	    0	    0	    1	    1	    1	    0	    1	    0	    1	    1	
    1	    1	    1	    1	    1	    1	    1	    1	    1	    1	    1	    1	    1	    1	    1	
    0	    0	    0	    0	    1	    0	    0	    0	    0	    0	    0	    0	    0	    0	    0	
    1	    0	    0	    1	    0	    0	    1	    0	    0	    1	    0	    1	    0	    1	    0	
    1	    1	    1	    1	    1	    0	    1	    1	    1	    1	    1	    1	    0	    0	    1	
    0	    0	    0	    0	    0	    0	    0	    0	    0	    1	    0	    1	    0	    0	    0	
    1	    1	    1	    1	    0	    1	    0	    1	    1	    0	    1	    0	    0	    0	    0	
    0	    0	    1	    1	    0	    1	    1	    1	    1	    1	    0	    1	    0	    1	    1	
    0	    0	    0	    0	    1	    1	    0	    0	    0	    0	    0	    0	    0	    1	    0	
    0	    0	    0	    0	    0	    0	    0	    0	    0	    0	    0	    0	    1	    0	    0	
    1	    1	    1	    1	    1	    0	    1	    1	    1	    1	    0	    0	    0	    1	    1	
    1	    1	    1	    1	    1	    1	    1	    1	    1	    1	    1	    1	    1	    1	    1	
    1	    1	    1	    1	    1	    0	    1	    1	    1	    1	    0	    0	    1	    1	    1	
    1	    0	    1	    0	    1	    1	    0	    1	    0	    0	    1	    1	    1	    1	    0	
    0	    1	    0	    1	    0	    0	    0	    0	    1	    0	    0	    0	    1	    0	    0	
    0	    0	    0	    0	    1	    0	    0	    0	    1	    0	    0	    0	    0	    0	    0	
    0	    0	    0	    0	    0	    0	    0	    0	    0	    0	    1	    0	    0	    0	    0	
    0	    1	    1	    1	    1	    0	    1	    0	    1	    1	    1	    0	    1	    1	    0	
    0	    1	    1	    1	    1	    1	    1	    1	    1	    1	    1	    1	    1	    1	    1	
    1	    1	    1	    1	    0	    1	    1	    1	    1	    1	    1	    0	    1	    1	    1	
    1	    1	    1	    1	    1	    1	    1	    1	    1	    1	    1	    1	    1	    1	    1	
    1	    1	    1	    1	    1	    0	    0	    1	    1	    1	    1	    1	    1	    1	    1	
    0	    0	    0	    0	    0	    0	    0	    0	    0	    0	    0	    0	    0	    0	    1	
    1	    0	    0	    1	    0	    1	    0	    0	    1	    0	    0	    1	    1	    0	    1	
    0	    1	    1	    0	    0	    0	    1	    0	    0	    1	    0	    0	    0	    0	    0	
    0	    1	    0	    1	    0	    0	    0	    1	    0	    0	    0	    0	    0	    0	    0	
    0	    0	    0	    0	    0	    0	    0	    0	    1	    0	    0	    1	    0	    0	    0	
    1	    1	    0	    1	    1	    1	    1	    1	    1	    0	    1	    1	    1	    1	    0	
    0	    0	    1	    1	    1	    0	    0	    1	    0	    0	    0	    1	    0	    1	    0	
    1	    0	    1	    1	    1	    1	    1	    1	    0	    1	    1	    1	    1	    0	    0	
    1	    0	    1	    0	    1	    1	    0	    1	    1	    1	    1	    1	    1	    0	    1	
    1	    1	    1	    1	    1	    1	    1	    1	    1	    1	    1	    0	    1	    1	    1	
    1	    1	    1	    0	    0	    1	    1	    0	    1	    1	    1	    1	    1	    1	    0	
    1	    1	    0	    0	    0	    0	    0	    1	    0	    1	    1	    0	    1	    0	    0	
    1	    1	    1	    1	    1	    1	    1	    0	    0	    1	    1	    0	    1	    1	    1	
    1	    1	    1	    1	    1	    1	    1	    1	    1	    1	    1	    1	    1	    0	    1	
    1	    1	    1	    1	    1	    1	    1	    1	    1	    1	    1	    1	    1	    1	    1	
    1	    1	    0	    0	    0	    1	    1	    1	    0	    0	    0	    0	    0	    0	    0	
    1	    0	    1	    1	    1	    1	    0	    0	    0	    1	    1	    1	    0	    0	    0	
    1	    0	    0	    0	    0	    1	    0	    1	    0	    1	    1	    0	    0	    0	    0	
    1	    0	    0	    1	    1	    0	    0	    1	    1	    0	    0	    1	    1	    1	    1	
    0	    0	    0	    0	    0	    1	    0	    0	    0	    1	    1	    1	    1	    1	    0	
    0	    0	    1	    0	    1	    0	    0	    1	    0	    1	    0	    0	    0	    0	    1	
    1	    1	    1	    0	    1	    1	    1	    1	    1	    1	    1	    1	    1	    1	    1	
    0	    0	    1	    0	    1	    0	    0	    0	    0	    0	    1	    0	    0	    0	    0	
    1	    1	    1	    1	    1	    0	    1	    0	    0	    1	    1	    1	    0	    1	    1	
    1	    1	    1	    0	    1	    1	    0	    0	    0	    0	    0	    0	    0	    0	    1	
    1	    0	    1	    1	    1	    1	    1	    1	    1	    1	    1	    1	    0	    1	    1	
    0	    0	    1	    1	    1	    0	    0	    1	    1	    0	    1	    1	    1	    1	    0	
    1	    1	    1	    0	    1	    1	    1	    1	    1	    1	    1	    0	    1	    1	    0	
    1	    1	    1	    1	    1	    0	    0	    1	    1	    1	    1	    1	    1	    0	    1	
    0	    1	    1	    1	    0	    1	    1	    0	    0	    0	    0	    1	    1	    0	    0	
    0	    0	    1	    0	    0	    0	    1	    0	    0	    1	    0	    0	    0	    0	    0	
    1	    0	    1	    1	    0	    1	    1	    1	    0	    0	    1	    1	    0	    1	    0	
    0	    0	    0	    0	    0	    0	    0	    0	    0	    0	    0	    1	    0	    0	    0	
    1	    0	    1	    0	    1	    0	    0	    1	    0	    0	    0	    1	    0	    0	    0	
    0	    0	    0	    0	    0	    0	    0	    0	    0	    0	    1	    0	    0	    0	    0	
    1	    0	    1	    0	    0	    1	    0	    1	    1	    1	    0	    1	    0	    1	    1	
    1	    1	    1	    0	    0	    1	    0	    1	    0	    1	    0	    0	    1	    1	    1	
    0	    0	    0	    0	    0	    0	    1	    0	    0	    0	    1	    1	    0	    0	    1	
    1	    1	    0	    0	    1	    1	    1	    0	    1	    1	    1	    0	    0	    0	    0	
    0	    0	    1	    1	    1	    0	    1	    1	    0	    0	    0	    1	    1	    1	    1	
    1	    0	    1	    1	    1	    1	    0	    1	    1	    1	    0	    0	    1	    1	    1	
    1	    0	    1	    1	    0	    1	    1	    1	    0	    1	    1	    1	    1	    0	    0	
    1	    1	    1	    1	    1	    1	    1	    1	    1	    1	    1	    0	    1	    1	    1	
    1	    0	    1	    1	    1	    0	    1	    0	    1	    1	    0	    1	    1	    1	    0	
    1	    0	    0	    0	    0	    1	    0	    1	    0	    0	    1	    1	    0	    1	    1	
    1	    1	    1	    0	    1	    1	    0	    0	    1	    1	    0	    1	    1	    1	    1	
    0	    0	    1	    1	    1	    0	    0	    1	    1	    1	    0	    1	    0	    0	    0	
    0	    0	    1	    0	    0	    1	    0	    0	    0	    1	    1	    0	    0	    0	    1	
    1	    1	    1	    1	    1	    1	    1	    1	    1	    1	    1	    1	    1	    1	    1	
    0	    1	    1	    1	    0	    1	    0	    0	    1	    0	    1	    0	    1	    1	    1	
    0	    0	    0	    1	    0	    0	    1	    0	    1	    0	    0	    0	    0	    0	    0	
    1	    0	    0	    0	    1	    0	    0	    0	    0	    0	    0	    0	    0	    0	    1	
    0	    0	    1	    0	    0	    0	    0	    0	    0	    0	    0	    0	    0	    0	    0	
    1	    0	    1	    0	    1	    1	    1	    1	    1	    0	    0	    0	    0	    0	    0	
    0	    1	    1	    0	    1	    1	    0	    0	    1	    0	    0	    0	    1	    1	    1	
    1	    1	    1	    1	    1	    1	    1	    1	    1	    1	    1	    1	    1	    1	    1	
    0	    0	    1	    0	    0	    0	    0	    0	    0	    1	    0	    0	    1	    0	    1	
    0	    0	    0	    0	    1	    1	    0	    0	    0	    0	    1	    0	    0	    0	    1	
    1	    1	    0	    1	    1	    1	    1	    1	    1	    1	    1	    1	    1	    1	    1	
    0	    0	    0	    0	    0	    0	    0	    1	    0	    0	    0	    0	    0	    0	    0	
    0	    1	    1	    1	    0	    0	    1	    1	    1	    1	    1	    1	    0	    1	    1	
    0	    0	    0	    0	    1	    0	    0	    0	    0	    0	    0	    0	    0	    1	    0	
    1	    1	    1	    1	    0	    0	    1	    0	    0	    1	    1	    1	    1	    1	    0	
    1	    1	    1	    1	    1	    1	    1	    1	    1	    1	    1	    1	    1	    1	    0	
    1	    1	    1	    0	    1	    0	    1	    1	    1	    1	    1	    1	    1	    1	    1	
    1	    0	    0	    0	    1	    1	    1	    0	    0	    0	    0	    1	    0	    1	    0	
    0	    0	    0	    0	    0	    0	    0	    0	    0	    0	    0	    0	    0	    0	    1	
    0	    1	    0	    1	    0	    0	    0	    0	    1	    1	    1	    0	    0	    0	    0	
    0	    1	    1	    0	    1	    1	    1	    1	    0	    0	    0	    0	    0	    1	    1	
    0	    0	    1	    0	    1	    0	    1	    1	    1	    0	    0	    1	    0	    1	    1	
    1	    1	    1	    1	    0	    0	    1	    1	    1	    1	    1	    1	    1	    0	    1	
    0	    0	    1	    0	    0	    0	    1	    0	    0	    0	    0	    1	    1	    0	    1	
    0	    1	    0	    1	    1	    1	    1	    1	    0	    1	    1	    1	    1	    0	    1	
    1	    0	    0	    0	    0	    0	    0	    0	    1	    1	    1	    1	    0	    0	    0	
    1	    0	    0	    0	    1	    1	    0	    0	    0	    0	    1	    0	    0	    0	    0	
    0	    0	    1	    0	    0	    1	    1	    1	    0	    0	    0	    0	    1	    1	    0	
    0	    0	    0	    0	    0	    0	    0	    0	    0	    0	    0	    0	    1	    0	    0	
    0	    1	    0	    1	    0	    0	    1	    0	    0	    1	    0	    1	    1	    1	    1	
    0	    1	    1	    1	    1	    1	    1	    1	    1	    0	    1	    1	    0	    1	    1	
    0	    1	    1	    0	    1	    1	    0	    1	    0	    1	    1	    1	    0	    0	    1	
    0	    0	    0	    0	    0	    1	    1	    0	    1	    0	    1	    0	    1	    0	    1	
    1	    1	    1	    1	    1	    0	    1	    1	    1	    0	    0	    0	    1	    1	    1	
    1	    1	    1	    1	    1	    0	    1	    1	    1	    1	    1	    1	    1	    1	    1	
    0	    1	    0	    1	    0	    0	    1	    1	    0	    0	    0	    0	    0	    1	    1	
    0	    1	    1	    1	    1	    1	    1	    1	    1	    1	    1	    1	    0	    1	    0	
    1	    1	    1	    1	    1	    1	    1	    1	    0	    1	    1	    1	    1	    1	    1	
    1	    1	    1	    1	    1	    1	    1	    1	    1	    1	    1	    0	    1	    1	    1	
    1	    1	    1	    0	    0	    1	    1	    1	    0	    0	    1	    0	    0	    1	    0	
    1	    1	    1	    0	    1	    0	    1	    0	    1	    1	    1	    1	    1	    0	    1	
    1	    1	    1	    0	    1	    1	    1	    1	    1	    0	    1	    1	    1	    1	    1	
    1	    1	    1	    1	    1	    1	    1	    1	    0	    1	    1	    0	    1	    1	    1	
    1	    1	    1	    1	    0	    1	    1	    0	    1	    1	    0	    1	    1	    1	    1	
    1	    0	    0	    0	    0	    0	    0	    0	    0	    0	    0	    0	    0	    0	    0	
    0	    1	    0	    0	    0	    0	    0	    0	    0	    0	    0	    0	    0	    0	    0	
    0	    0	    1	    0	    0	    0	    0	    0	    0	    0	    0	    0	    0	    0	    0	
    0	    0	    0	    1	    0	    0	    0	    0	    0	    0	    0	    0	    0	    0	    0	
    0	    0	    0	    0	    1	    0	    0	    0	    0	    0	    0	    0	    0	    0	    0	
    0	    0	    0	    0	    0	    1	    0	    0	    0	    0	    0	    0	    0	    0	    0	
    0	    0	    0	    0	    0	    0	    1	    0	    0	    0	    0	    0	    0	    0	    0	
    0	    0	    0	    0	    0	    0	    0	    1	    0	    0	    0	    0	    0	    0	    0	
    0	    0	    0	    0	    0	    0	    0	    0	    1	    0	    0	    0	    0	    0	    0	
    0	    0	    0	    0	    0	    0	    0	    0	    0	    1	    0	    0	    0	    0	    0	
    0	    0	    0	    0	    0	    0	    0	    0	    0	    0	    1	    0	    0	    0	    0	
    0	    0	    0	    0	    0	    0	    0	    0	    0	    0	    0	    1	    0	    0	    0	
    0	    0	    0	    0	    0	    0	    0	    0	    0	    0	    0	    0	    1	    0	    0	
    0	    0	    0	    0	    0	    0	    0	    0	    0	    0	    0	    0	    0	    1	    0	
    0	    0	    0	    0	    0	    0	    0	    0	    0	    0	    0	    0	    0	    0	    1	


0	105	30	80	100	95	90	120	45	45	80	30	110	55	45	65	70	70	50	75	90	105	65	75	60	95	60	90	85	90	75	45	80	40	65	105	90	55	115	95	60	55	30	120	65	80	30	70	70	30	90	40	55	80	30	95	70	80	100	70	85	50	75	45	60	40	65	85	80	60	110	30	80	30	30	30	120	115	50	100	90	115	45	45	90	105	40	80	45	45	50	95	40	50	60	70	65	65	75	80	100	105	60	80	30	60	90	50	40	75	55	35	65	40	95	60	80	80	105	85	100	60	30	55	30	85	45	80	30	115	95	60	95	85	115	65	75	35	95	30	65	30	40	90	35	55	65	35	80	110	30	60	60	60	60	60	60	60	60	60	60	60	60	60	60	60	
0	660	660	740	555	595	740	510	625	560	455	755	705	745	605	560	645	680	600	620	545	455	695	485	680	705	770	585	525	550	585	680	625	795	630	735	620	495	450	715	430	630	565	695	745	505	465	640	675	505	695	605	485	615	750	570	610	665	565	660	705	700	550	525	465	665	680	535	610	720	450	610	670	790	460	620	685	555	700	745	670	580	835	490	515	520	460	725	550	665	445	585	495	460	685	615	555	620	500	545	655	705	440	595	670	545	670	495	710	750	675	490	725	775	660	600	610	550	540	485	510	730	615	640	490	530	590	710	685	540	650	480	685	505	595	775	635	615	575	750	430	475	630	490	505	540	735	805	530	700	585	600	900	840	750	810	630	660	660	840	870	660	750	840	900	900	
1440	1125	1105	1200	1035	1110	1235	1045	1070	990	905	1160	1225	1190	1040	1020	1075	1145	1060	1060	1015	980	1170	965	1100	1215	1190	1080	970	1000	1055	1095	1065	1200	1105	1205	1125	940	955	1200	855	1055	970	1220	1195	1000	895	1080	1125	895	1195	1030	925	1070	1165	1030	1090	1165	1065	1095	1150	1120	990	940	900	1110	1160	1025	1100	1140	930	1005	1145	1180	875	1025	1220	1055	1150	1205	1155	1095	1240	935	1025	1000	900	1185	970	1085	915	1075	910	910	1105	1090	1025	1050	965	1030	1140	1175	920	1065	1080	995	1150	920	1145	1210	1135	895	1180	1175	1135	1060	1080	1030	1065	965	970	1170	1060	1110	925	1010	1005	1210	1135	1065	1155	915	1165	960	1105	1210	1105	1010	1055	1155	860	865	1055	975	925	955	1185	1210	1020	1205	995	780	1080	1020	930	990	810	840	840	1020	1050	840	930	1020	1080	1080	


420	720	660	570	630	450	480	480	660	690	480	570	660	720	720	
960	1260	1200	1110	1170	990	1020	1020	1200	1230	1020	1110	1200	1260	1260	


1342
8100


 40.000000	 50.000000 
 25.000000	 85.000000 
 72.000000	 35.000000 
 22.000000	 75.000000 
 55.000000	 20.000000 
 22.000000	 85.000000 
 25.000000	 30.000000 
 20.000000	 80.000000 
 20.000000	 50.000000 
 20.000000	 85.000000 
 55.000000	 60.000000 
 18.000000	 75.000000 
 30.000000	 60.000000 
 15.000000	 75.000000 
 50.000000	 35.000000 
 15.000000	 80.000000 
 30.000000	 25.000000 
 10.000000	 35.000000 
 15.000000	 10.000000 
 10.000000	 40.000000 
 10.000000	 20.000000 
  8.000000	 40.000000 
 15.000000	 60.000000 
  8.000000	 45.000000 
 45.000000	 65.000000 
  5.000000	 35.000000 
 65.000000	 35.000000 
  5.000000	 45.000000 
 65.000000	 20.000000 
  2.000000	 40.000000 
 45.000000	 30.000000 
  0.000000	 40.000000 
 35.000000	 40.000000 
  0.000000	 45.000000 
 41.000000	 37.000000 
 44.000000	  5.000000 
 64.000000	 42.000000 
 42.000000	 10.000000 
 40.000000	 60.000000 
 42.000000	 15.000000 
 31.000000	 52.000000 
 40.000000	  5.000000 
 35.000000	 69.000000 
 40.000000	 15.000000 
 65.000000	 55.000000 
 38.000000	  5.000000 
 63.000000	 65.000000 
 38.000000	 15.000000 
  2.000000	 60.000000 
 35.000000	  5.000000 
 20.000000	 20.000000 
 95.000000	 30.000000 
  5.000000	  5.000000 
 95.000000	 35.000000 
 60.000000	 12.000000 
 92.000000	 30.000000 
 23.000000	  3.000000 
 90.000000	 35.000000 
  8.000000	 56.000000 
 88.000000	 30.000000 
  6.000000	 68.000000 
 88.000000	 35.000000 
 47.000000	 47.000000 
 87.000000	 30.000000 
 49.000000	 58.000000 
 85.000000	 25.000000 
 27.000000	 43.000000 
 85.000000	 35.000000 
 37.000000	 31.000000 
 67.000000	 85.000000 
 57.000000	 29.000000 
 65.000000	 85.000000 
 63.000000	 23.000000 
 65.000000	 82.000000 
 21.000000	 24.000000 
 62.000000	 80.000000 
 12.000000	 24.000000 
 60.000000	 80.000000 
 24.000000	 58.000000 
 60.000000	 85.000000 
 67.000000	  5.000000 
 58.000000	 75.000000 
 37.000000	 47.000000 
 55.000000	 80.000000 
 49.000000	 42.000000 
 55.000000	 85.000000 
 53.000000	 43.000000 
 55.000000	 82.000000 
 61.000000	 52.000000 
 20.000000	 82.000000 
 57.000000	 48.000000 
 18.000000	 80.000000 
 56.000000	 37.000000 
  2.000000	 45.000000 
 55.000000	 54.000000 
 42.000000	  5.000000 
  4.000000	 18.000000 
 42.000000	 12.000000 
 26.000000	 52.000000 
 26.000000	 35.000000 
 31.000000	 67.000000 
 20.000000	 85.000000 
 55.000000	 54.000000 
 55.000000	 85.000000 
  8.000000	 56.000000 
 50.000000	 35.000000 
  0.000000	 40.000000 
 10.000000	 40.000000 
 30.000000	 25.000000 
 35.000000	 69.000000 
 20.000000	 85.000000 
 85.000000	 35.000000 
 62.000000	 80.000000 
 55.000000	 85.000000 
 18.000000	 80.000000 
 60.000000	 80.000000 
 31.000000	 52.000000 
  0.000000	 45.000000 
 35.000000	 69.000000 
 62.000000	 80.000000 
 30.000000	 25.000000 
 38.000000	  5.000000 
 87.000000	 30.000000 
 65.000000	 55.000000 
 67.000000	 85.000000 
 60.000000	 80.000000 
 60.000000	 80.000000 
 60.000000	 85.000000 
  2.000000	 40.000000 
 15.000000	 80.000000 
  0.000000	 40.000000 
 55.000000	 54.000000 
 30.000000	 25.000000 
 42.000000	 15.000000 
  5.000000	 45.000000 
 35.000000	 40.000000 
  0.000000	 40.000000 
 20.000000	 82.000000 
 60.000000	 85.000000 
 55.000000	 82.000000 
 47.000000	 47.000000 
 45.000000	 30.000000 
 92.000000	 30.000000 
 20.000000	 50.000000 
 18.000000	 80.000000 
 57.000000	 29.000000 
 88.000000	 30.000000 
 44.000000	  5.000000 
 18.000000	 75.000000 
 85.000000	 35.000000 
 49.000000	 58.000000 
