
   16
    2


    0 
    8 
    9 
    6 
    6 
    7 
    7 
    4 
    7 
    7 
    1 
    1 
    4 
    5 
    9 
    5 
    5 
   10 
   10 

    0	    0	
    1	    1	
    1	    0	
    1	    0	
    1	    0	
    0	    1	
    0	    1	
    1	    0	
    1	    0	
    0	    1	
    1	    0	
    0	    1	
    1	    1	
    1	    1	
    1	    0	
    1	    1	
    1	    1	
    1	    0	
    0	    1	


0	105	110	35	70	90	110	90	65	40	95	30	45	50	100	40	110	60	60	
0	745	545	950	865	805	925	660	740	950	560	810	595	790	805	905	700	660	840	
1440	925	720	1075	1025	985	1100	810	870	1070	715	915	720	910	970	1030	900	840	1020	


480	660	
1020	1200	


1174
1080


 40.000000	 50.000000 
 25.000000	 85.000000 
 72.000000	 35.000000 
 22.000000	 75.000000 
 55.000000	 20.000000 
 22.000000	 85.000000 
 25.000000	 30.000000 
 20.000000	 80.000000 
 20.000000	 50.000000 
 20.000000	 85.000000 
 55.000000	 60.000000 
 18.000000	 75.000000 
 30.000000	 60.000000 
 15.000000	 75.000000 
 50.000000	 35.000000 
 15.000000	 80.000000 
 30.000000	 25.000000 
