
   39
    3


    0 
    6 
    8 
    8 
    1 
    7 
    2 
    8 
    9 
    3 
    8 
   10 
    1 
    5 
    6 
    7 
    9 
   10 
    6 
    8 
    4 
    4 
    7 
    2 
    1 
    4 
    6 
   10 
   10 
    3 
    1 
    5 
    7 
    9 
    4 
    1 
   10 
    3 
   10 
    8 
   10 
   10 
   10 

    0	    0	    0	
    1	    0	    0	
    1	    1	    1	
    1	    0	    0	
    1	    1	    0	
    1	    1	    1	
    1	    1	    1	
    0	    0	    1	
    0	    0	    1	
    1	    1	    0	
    0	    1	    0	
    0	    1	    1	
    1	    1	    1	
    1	    1	    1	
    0	    1	    1	
    1	    1	    0	
    1	    0	    0	
    1	    1	    0	
    0	    0	    1	
    1	    1	    1	
    0	    1	    0	
    0	    0	    1	
    0	    1	    1	
    1	    1	    1	
    1	    1	    0	
    1	    0	    0	
    1	    0	    1	
    0	    1	    1	
    1	    0	    1	
    1	    1	    1	
    1	    0	    1	
    1	    0	    0	
    1	    0	    0	
    1	    1	    1	
    1	    1	    0	
    1	    0	    0	
    1	    1	    1	
    1	    0	    1	
    1	    1	    1	
    1	    1	    1	
    1	    0	    0	
    0	    1	    0	
    0	    0	    1	


0	100	55	110	40	50	115	75	35	35	40	115	30	70	55	105	65	60	100	105	35	35	80	45	120	85	110	115	60	95	70	90	65	105	35	50	95	55	60	75	60	60	60	
0	530	480	540	670	740	535	510	765	535	920	825	880	845	700	550	520	465	1070	700	600	555	760	540	625	655	730	610	750	550	635	625	670	675	795	815	735	630	615	620	600	840	900	
1440	880	1005	1055	1115	1230	975	1030	1030	960	1220	990	1100	1215	1140	835	1055	770	1220	990	800	1090	980	1040	1135	900	875	1040	1085	1000	1030	720	1180	1010	1190	1015	1170	890	1150	1145	780	1020	1080	


420	660	720	
960	1200	1260	


1314
1620


 35.000000	 35.000000 
 41.000000	 49.000000 
 35.000000	 17.000000 
 55.000000	 45.000000 
 55.000000	 20.000000 
 15.000000	 30.000000 
 25.000000	 30.000000 
 20.000000	 50.000000 
 10.000000	 43.000000 
 55.000000	 60.000000 
 30.000000	 60.000000 
 20.000000	 65.000000 
 50.000000	 35.000000 
 30.000000	 25.000000 
 15.000000	 10.000000 
 30.000000	  5.000000 
 10.000000	 20.000000 
  5.000000	 30.000000 
 20.000000	 40.000000 
 15.000000	 60.000000 
 45.000000	 65.000000 
 45.000000	 20.000000 
 45.000000	 10.000000 
 55.000000	  5.000000 
 65.000000	 35.000000 
 65.000000	 20.000000 
 45.000000	 30.000000 
 35.000000	 40.000000 
 41.000000	 37.000000 
 64.000000	 42.000000 
 40.000000	 60.000000 
 31.000000	 52.000000 
 35.000000	 69.000000 
 53.000000	 52.000000 
 65.000000	 55.000000 
 63.000000	 65.000000 
  2.000000	 60.000000 
 20.000000	 20.000000 
  5.000000	  5.000000 
 60.000000	 12.000000 
